-325
504
1160
1301
1584
1409
1185
1408
1345
1265
1131
959
977
837
1047
1072
491
307
116
73
606
1171
1525
1449
1513
1625
1240
1149
961
580
468
364
350
467
1055
1430
1372
1602
1660
1205
873
936
945
749
639
765
998
1105
950
1076
1419
1291
1066
1178
1196
1240
1363
1210
1109
763
516
759
667
667
922
1078
1154
1085
1208
1489
1437
1289
1169
887
914
1031
1065
1118
997
874
893
752
706
940
1130
1408
1459
1537
1640
1347
1134
1158
1314
1316
1229
1080
884
889
806
988
1080
644
556
915
947
883
1143
1190
1446
1628
1481
1418
984
606
554
600
884
1147
1272
1516
1661
1533
1313
1198
1249
1307
1314
1094
841
892
886
773
756
671
633
933
1172
1323
1223
809
785
819
1173
1567
1377
1303
1154
1073
1225
1176
1076
1207
1282
1044
987
938
898
667
371
703
1011
1231
1243
1040
1290
1513
1212
1018
903
502
569
953
1096
1113
997
1203
1629
1481
976
713
829
1052
879
705
921
936
861
953
925
768
789
850
929
1301
1531
1423
1236
1103
1376
1639
1229
719
426
386
437
584
773
753
877
1284
1804
1932
1964
1782
1091
756
534
154
-34
100
470
1037
1638
1814
1919
2206
2331
1895
1359
606
24
122
101
315
355
611
1056
1328
1932
1884
1640
1752
1645
1266
1065
998
633
477
616
676
667
1004
1416
1436
1670
1842
1994
2139
1834
1444
1229
1117
880
721
670
522
325
725
1442
1599
1831
1861
1467
1403
1381
1573
1571
1150
1140
1129
1009
1082
1001
1095
1474
1519
1647
1939
1950
1871
1832
1862
1771
1408
1190
956
777
956
950
873
901
1015
1205
1445
1716
1483
1409
1856
1649
1640
1951
1642
1736
2037
1877
1651
1373
1466
1759
1331
1401
1703
1329
1319
1279
1331
1409
1372
1729
1710
1386
1287
1153
954
1031
939
1181
1642
1608
2085
2435
2424
2222
2223
2217
1517
1483
1547
1324
1326
1223
1207
1390
1556
1797
1947
1726
1748
1652
1572
1724
1497
1462
1372
1370
1599
1368
1046
1120
1503
1722
1744
1929
2176
2031
1988
2021
1723
1531
1198
1052
1260
1266
1457
1820
2010
2201
2227
2212
2330
1899
1418
1171
767
608
561
913
1326
1508
1831
2015
1929
1814
1834
1685
1502
1560
1689
1660
1723
1694
1612
1799
1568
1324
1339
1298
1614
1638
1517
1624
1670
2001
2038
1926
1991
1750
1434
1091
707
672
694
808
1162
1144
1391
1904
2120
2436
2297
1769
1391
1302
1491
1354
1320
1537
1414
1222
1044
1112
1555
1591
1493
1528
1619
1764
1604
1482
1050
760
1194
1232
959
1112
1462
1839
2061
2148
2215
1663
1122
946
618
694
653
705
1332
1539
1751
1874
1760
1766
1369
1081
1020
888
1020
908
893
1408
1250
860
878
856
1233
1464
1307
1265
1068
1086
1185
1287
1462
1243
999
1027
1049
1165
1443
1454
1454
1442
1142
1006
1246
1212
602
283
409
615
886
1004
1059
921
731
1188
1491
1118
1077
1215
1079
955
873
746
636
885
1211
1387
1450
1181
878
681
562
672
724
723
670
481
551
519
546
936
829
537
772
895
1083
1300
999
1045
1195
880
794
793
822
906
613
610
728
665
852
556
158
223
162
410
585
428
735
1077
1163
1281
1093
783
818
529
84
69
252
557
739
637
730
997
1065
929
649
542
589
532
530
605
691
825
649
392
310
347
350
326
599
546
438
582
483
623
650
416
295
216
567
805
768
911
939
942
798
430
457
331
75
208
324
797
994
711
834
628
236
312
314
517
566
401
641
636
573
631
505
553
482
294
590
891
761
617
639
725
745
758
909
567
245
688
905
766
714
687
806
939
804
764
504
-40
111
255
82
353
129
14
465
702
1291
1489
1464
1533
1136
1120
1246
1039
818
550
558
810
700
375
489
679
740
778
604
547
400
302
509
422
321
660
660
747
1243
1177
1237
1308
1173
1484
1273
1149
1252
850
718
438
61
71
-42
45
751
994
1260
1892
2085
2031
1478
941
567
123
-14
-178
-327
-9
544
1259
1878
2102
2341
2408
2018
1218
375
230
53
-304
-129
391
862
946
1372
1730
1643
1791
1881
1748
1443
1002
685
725
710
465
372
475
662
954
1457
1658
1652
1736
1525
1393
1222
876
571
664
849
838
1345
1586
1252
1280
1486
1349
1266
1090
982
1027
913
1092
942
796
1065
950
922
1032
949
1331
1818
1767
1952
2127
1847
1599
1195
1036
747
396
898
980
991
1677
1706
1638
1797
1476
1189
943
916
1000
916
1234
1520
1776
2155
2075
1918
1890
1752
1398
1228
1336
1069
900
1245
1393
1421
1392
1340
1556
1388
1503
1701
1449
1675
1600
1228
1484
1578
1460
1832
1946
1931
1991
1850
1985
1753
1325
1271
901
726
980
949
1192
1750
1900
2306
2574
2099
1861
1676
1378
1303
1176
1263
1437
1306
1559
1733
1711
1937
1707
1837
2211
1747
1547
1543
1110
1136
1281
1367
1655
1668
1812
1921
1921
2168
1741
1381
1425
1029
1218
1828
1843
1639
1647
1637
1572
1500
1380
1449
1685
1850
1868
1869
1943
1925
1938
1878
1614
1506
1518
1480
1291
1506
1905
1711
1563
1322
1090
1240
1238
1400
1679
1914
2149
2284
2282
2117
1723
1318
1483
1542
1478
1565
1559
1775
1870
1584
1467
1642
1571
1428
1417
1559
1720
1565
1663
1593
1019
983
1190
1062
1223
1597
1665
1979
2467
2583
2556
2389
2161
1692
914
707
559
368
628
770
1236
1563
1547
1695
1597
1727
2225
2325
2034
1780
1445
1262
1124
1160
1439
1252
1422
1752
1809
2037
2050
1774
1502
1515
1263
1017
900
653
1018
1572
1720
1825
2031
1947
1471
1315
1574
1322
944
1057
1148
1270
1452
1602
1675
1516
1670
1758
1559
1884
1981
1645
1742
1758
1569
1711
1581
1189
1327
1495
1438
1601
1670
1441
1116
1249
1443
1068
1007
1083
864
1115
1508
1610
1761
1830
1902
2024
2154
1835
1240
1212
1328
1330
1580
1853
1801
1867
1718
1397
1450
1425
1256
1101
1136
1231
1136
1330
1610
1440
1517
1681
1424
1422
1471
1317
1480
1657
1761
1837
1806
1838
1590
1492
1569
1102
1000
1337
1297
1581
2084
1963
1883
1976
1785
1592
1334
1215
963
745
1127
1419
1358
1441
1586
1597
2015
2202
1755
1583
1359
1074
1282
1301
1140
1201
1299
1593
1742
1841
2152
1597
1073
1304
981
849
1240
1359
1576
1787
1759
1719
1425
1157
872
694
917
897
954
1156
1059
1198
1538
1583
1469
1396
1409
1436
1644
1700
1560
1578
1544
1400
1250
1268
1131
737
619
736
659
769
1057
947
987
1129
1086
1485
1694
1397
1238
1215
1241
1079
1010
1076
865
1026
1282
1184
1048
1026
1097
935
1009
1016
793
893
1046
879
970
1317
1237
1431
1717
1776
1759
1446
993
533
440
633
397
258
477
458
782
1250
1255
1102
1093
1247
1227
1216
1383
1338
1291
1433
1261
955
887
836
854
781
639
634
835
1068
968
858
926
890
776
719
607
419
211
614
1122
1162
1207
1179
1326
1253
1238
1433
1101
858
732
437
322
306
169
-4
291
780
969
1217
1312
1058
832
860
1029
862
611
510
348
441
870
1089
988
986
765
529
455
428
498
540
574
390
551
814
737
808
820
512
430
719
736
584
614
876
945
792
771
313
12
307
417
268
107
92
281
758
1066
1059
857
726
765
771
861
522
15
-35
182
422
632
778
764
658
484
474
585
483
249
-111
67
376
108
403
531
261
478
527
841
1084
682
662
591
221
272
358
411
424
183
481
759
483
537
466
248
290
145
154
179
54
282
436
574
573
348
305
268
434
736
773
620
502
297
181
309
444
315
201
451
396
369
589
506
419
277
281
348
198
161
81
90
300
451
602
778
841
861
671
420
428
428
466
271
5
185
248
282
482
638
905
753
586
708
579
664
594
209
116
13
-47
102
197
526
870
758
895
860
601
882
677
203
40
-134
-53
21
217
643
751
1078
1142
886
1028
756
420
431
358
-6
23
344
373
394
433
728
681
655
916
757
681
515
337
145
241
650
534
918
1184
914
996
1019
925
762
551
140
-177
-176
85
194
281
883
884
761
1055
1100
1141
909
617
530
449
509
658
608
596
603
548
793
723
702
1006
931
788
646
532
691
714
581
580
506
615
746
580
611
653
781
978
842
892
970
799
719
627
502
625
748
793
911
993
1038
942
809
846
1101
1141
883
941
964
759
641
616
689
465
452
586
452
654
992
1242
1303
1170
1161
1171
901
951
1156
871
897
1004
1038
1174
863
890
1070
983
1078
988
939
1055
992
915
972
802
563
859
1168
955
707
697
994
1177
1225
1547
1536
1341
1287
1053
1073
1165
995
1040
1075
1121
1257
1234
1313
1501
1421
1327
1246
990
846
791
940
989
953
1124
1252
1343
1344
1383
1521
1553
1421
1207
1249
1185
1045
1123
1174
1240
1332
1609
1909
2081
1847
1608
1446
1132
1066
867
862
966
879
1249
1496
1483
1689
1843
1939
1702
1490
1517
1375
1325
1353
1327
1471
1632
1661
1843
1792
1519
1616
1685
1654
1443
1218
1343
1183
1149
1266
1487
1896
1788
1808
1979
1846
1743
1702
1797
1785
1665
1821
1733
1306
1326
1575
1590
1642
1595
1612
1554
1445
1746
1841
1779
1721
1572
1727
1900
1832
1873
1778
1672
1901
2022
1873
1768
1833
1918
1992
1883
1746
1734
1564
1579
1645
1544
1754
1865
1950
2243
1985
1698
1808
1638
1757
2029
1876
1789
1608
1674
2056
2095
1981
2015
1968
1927
2111
1961
1903
2117
1991
1849
1520
1269
1466
1810
1893
1745
1755
1813
2050
2152
2222
2083
1641
1694
1810
1870
2100
2174
2114
2226
2301
2134
2179
1939
1555
1620
1570
1615
1513
1326
1471
1430
1620
1993
2035
2226
2433
2464
2356
1846
1527
1546
1401
1401
1433
1628
2127
2155
2329
2498
2130
1988
1654
1405
1777
1848
1873
1877
1463
1397
1330
1354
1578
1574
1805
1958
2173
2383
2256
2175
2027
1883
1752
1658
1595
1673
1651
1655
1981
2029
2186
1982
1589
1727
1614
1454
1419
1314
1378
1556
1688
2194
2580
2296
2084
1713
1470
1581
1339
1338
1660
1915
2077
2043
2159
2270
2038
1897
1694
1389
1316
1082
1038
1471
1647
1682
1936
1969
1955
1879
1733
1699
1376
1408
1593
1307
1290
1303
1375
1626
1593
1520
1621
1951
2140
2053
1897
1495
1012
929
913
976
1148
1155
1337
1531
1734
1895
1806
1621
1444
1273
1179
1175
1145
1083
1055
1114
1136
1202
1328
1281
1339
1381
1152
1224
1367
1263
1078
899
832
585
535
917
1144
1281
1371
1277
1306
1529
1502
1361
1164
926
819
563
440
296
333
603
617
791
1252
1487
1405
1309
968
649
683
613
436
353
430
438
474
946
1245
1267
1350
1246
863
740
730
435
396
327
122
278
572
754
592
475
770
614
478
605
302
323
368
368
841
700
528
715
566
528
303
231
604
639
584
664
625
687
455
105
95
8
21
184
287
324
344
659
983
740
641
735
449
222
158
189
329
213
13
118
431
597
477
510
511
278
418
770
706
271
-74
-73
-46
120
329
548
813
684
428
224
199
54
-51
154
4
-111
213
407
391
534
761
738
435
225
279
190
261
397
176
215
117
159
669
438
103
289
243
224
239
317
541
347
255
619
627
527
551
363
456
328
344
663
348
277
320
396
681
551
574
625
369
288
557
644
482
407
450
763
750
743
758
446
537
800
992
1022
873
790
801
857
823
939
700
152
275
531
585
509
507
824
958
974
1243
1340
1188
956
827
1054
1084
1124
1182
1052
1043
943
934
967
786
820
943
969
1057
1036
977
996
1024
978
944
977
1157
1185
1218
1490
1364
1400
1639
1482
1356
1327
1410
1346
1089
1198
1559
1587
1389
1204
743
686
1071
1242
1366
1503
1583
1646
1822
1810
1531
1337
1246
1235
1372
1543
1565
1552
1607
1632
1529
1589
1841
1818
1891
1939
1940
2112
1821
1628
1596
1388
1523
1558
1511
1721
1783
1896
1956
1831
1965
1972
1819
1820
1555
1693
2175
2010
2061
2321
2244
2347
2395
2232
1917
1440
1637
2101
2081
2095
1994
1977
2262
2284
2375
2383
1894
1648
1761
1867
2063
2213
2089
2139
2289
2652
2888
2569
2413
2137
2104
2210
2023
2173
2188
2058
2156
2103
2116
2362
2285
2203
2260
1921
1839
1898
1951
2282
2446
2698
2780
2668
2758
2559
2186
2251
2317
2201
2192
2055
2114
2182
1995
2153
2304
2310
2632
2877
2722
2634
2474
2157
2101
2049
1963
1857
1884
2124
2402
2686
3017
2946
2603
2670
2468
2214
2128
1820
1909
2081
2148
2534
2740
2634
2410
2107
2161
2435
2554
2768
2531
2305
2375
2101
2223
2124
1870
2132
2194
2321
2573
2488
2361
2238
2035
1978
1870
1813
2047
2247
2567
2833
2782
2778
2481
2161
2019
1767
1664
1702
1775
1804
1943
2290
2372
2229
2140
2183
2345
2368
2221
1924
1872
1818
1909
2258
2101
1923
1826
1756
1902
1748
1766
2047
1849
2049
2261
1845
2072
1966
1420
1740
1900
1954
2090
2071
2264
2240
2132
1948
1512
1495
1616
1382
1446
1638
1567
1511
1629
1803
1737
1559
1410
1348
1630
1857
1820
2007
2077
1859
1554
1227
1102
911
978
1257
1350
1879
2242
2160
2136
1786
1247
850
678
715
809
1009
1253
1399
1617
1904
1763
1562
1525
1064
965
981
695
920
1194
1262
1280
1248
1375
1266
1034
1170
823
466
920
990
990
1138
830
824
771
629
823
857
855
936
977
1090
1119
919
953
873
627
791
815
632
697
651
465
485
610
736
744
767
750
669
720
492
320
577
527
445
610
630
706
676
798
841
677
1103
980
533
532
257
119
178
168
158
265
511
687
718
872
682
304
394
270
113
117
59
95
78
115
374
462
467
670
590
642
720
457
576
591
455
400
233
64
-261
-337
-97
50
88
207
176
-145
-61
307
219
30
34
39
193
308
200
341
350
98
55
65
167
70
58
142
-89
-69
30
-89
-37
68
141
135
-92
-136
-185
-333
-178
81
234
13
27
243
-97
-27
46
-317
-368
-342
-258
84
154
118
229
120
336
272
-2
103
-221
-455
-331
-229
-301
-430
-197
-74
-87
39
96
33
161
290
171
151
1
-181
-297
-353
-432
-581
-371
62
81
95
358
269
304
375
219
204
63
-175
-185
-409
-631
-470
-501
-437
-229
-108
158
120
204
351
213
217
1
-179
-313
-259
-1
105
133
-64
74
374
267
167
135
88
127
100
7
52
76
-97
-217
-192
-35
-93
-180
115
229
199
290
276
300
205
88
64
-163
-187
-36
-46
30
275
353
468
423
264
573
690
330
162
206
26
-15
-12
-43
116
84
148
474
613
506
363
232
119
173
217
120
99
120
195
484
858
937
721
891
1026
681
556
369
83
-52
-59
-9
11
150
381
542
664
748
697
940
1036
775
624
365
225
404
395
347
506
753
909
852
986
1036
709
454
554
672
477
249
227
331
540
509
506
744
552
647
1031
968
986
799
688
1029
931
849
781
292
242
304
368
855
920
931
1060
800
830
1137
1098
637
392
739
973
648
693
1324
1724
1745
998
753
1659
1337
444
495
1229
1518
784
4
-425
1034
2274
1209
810
1738
1920
250
-218
1182
1760
1337
-210
-580
883
2227
2034
687
1240
1981
1429
1184
1503
630
-1006
51
1573
2331
2549
905
355
962
1420
1566
1061
454
427
1567
727
406
1892
709
399
1847
2637
2269
945
272
254
1443
2038
1072
298
613
1356
1153
901
998
1098
1709
2843
1979
424
882
1598
2052
1279
-359
-404
1265
1356
371
1711
1963
1543
2601
1547
560
1440
877
441
1127
853
1022
1435
736
580
1679
2234
1966
1861
1602
1552
1375
1013
26
-66
1722
1973
1158
615
654
1258
1760
2060
1600
1215
744
691
1801
2090
800
294
749
565
1555
1584
315
958
1292
1755
2694
2522
1649
786
377
-242
1246
3363
1904
257
446
1182
1638
1064
612
591
1008
1745
1849
1795
1896
1274
627
1145
1250
791
948
1109
1673
1698
857
1106
1668
1825
1768
1462
1373
1155
974
852
763
684
1101
1749
1792
2645
2356
997
878
770
1178
1213
-238
-285
1161
1405
1798
2463
1633
1481
2593
2553
1839
2146
1555
-390
-383
1312
1786
1056
643
757
1317
1668
1850
2105
1835
1117
639
1541
1999
1247
802
544
815
2044
2075
400
468
1368
2136
2632
1242
965
1723
1476
1362
1149
655
619
1276
1271
1126
1808
1180
839
2074
2109
1616
1128
427
636
1075
1586
2022
1630
742
253
1177
3083
2669
961
511
-478
167
2197
2264
1418
748
891
860
802
1646
1917
1832
867
601
2363
2032
447
143
1043
2499
1585
584
850
684
1220
539
647
2309
2359
1405
112
235
693
1075
1680
1691
2178
1990
1272
853
1557
2159
815
-46
270
1492
1589
680
1564
2217
1487
547
1500
2866
1639
49
-224
1228
2249
1658
1156
367
1488
2446
982
680
1045
1666
1786
1380
1312
1030
1657
1591
1443
1718
1666
1770
851
1317
1901
1638
1440
400
856
1412
1788
2056
1043
811
1266
1880
1971
1504
1058
573
1481
2833
2646
1586
1407
2349
2418
1048
179
859
1929
2026
1276
1543
2594
2004
924
636
1221
2361
1843
1103
1182
1180
1715
1801
1700
2063
2171
2149
1357
685
1478
2353
1964
503
834
2518
2178
983
899
1479
2312
2869
2325
1765
1408
1435
1796
1825
2173
2021
2107
2556
1813
1081
1376
1590
1630
2119
1771
1594
1696
1159
1198
1435
2164
2497
1971
1472
1350
1928
2280
2339
1970
2101
2429
1434
1180
2098
2998
2815
1510
1146
1377
1616
1704
1392
1792
2081
2230
2416
1174
1028
2266
2179
2163
2717
2402
1633
1801
2204
2609
2708
1209
888
2224
2620
2405
2031
1640
1251
1455
1868
1813
1993
1214
1413
3240
3168
2243
1867
2232
3032
3041
2576
1491
742
1744
1798
704
1427
2269
2745
2727
2102
2319
1968
1388
1751
3112
3128
1987
1872
1354
1190
1391
1697
1957
1886
2177
1867
2513
3254
2219
928
956
2313
2335
1565
1472
2371
3004
1620
1102
2362
2864
2416
1889
1537
1685
1861
2436
1885
1007
2122
1935
1874
2428
1519
1646
2341
2357
2338
2361
1807
1282
1147
1393
2271
1927
889
1538
2820
2545
2035
2445
2572
1348
338
1674
3305
2874
909
892
1888
1595
1687
1569
1836
2350
2249
2245
2201
2312
2183
1336
453
655
1771
2560
1745
1006
1273
1031
2027
3213
2373
1834
1958
1401
1393
1796
1293
1190
1520
997
1159
1990
2037
2032
1995
2304
2592
2032
1583
1319
1175
1130
1215
1778
1953
1597
1504
1646
1056
462
899
1839
2779
2097
1633
2010
1342
753
-113
350
2843
3351
1493
236
419
1279
2126
1940
1284
1250
1277
1421
1397
1650
1967
1789
2093
1597
1402
1530
224
-109
476
1092
1794
1252
76
89
746
1044
567
-17
414
788
1578
1864
798
-279
-158
2053
2616
719
-8
984
2548
3228
2538
1375
1007
1300
1157
858
919
1935
2059
753
449
633
735
231
122
1049
1125
737
-276
-818
-152
-267
-111
1008
1557
1889
2571
1958
255
139
1828
3094
2650
1624
1330
775
75
1
-260
-728
-1520
-1656
-171
1664
1052
-1253
-1509
-736
861
1736
287
979
1881
1356
1914
1888
927
-138
536
1762
2367
2284
47
71
1309
249
-159
84
-678
-594
1259
1656
1321
1357
313
-727
-975
-306
407
724
193
-246
1203
1534
-301
-711
375
1217
1188
-744
-1834
-649
-168
-210
-631
-443
1447
2421
1763
526
439
627
179
70
239
1506
2065
1492
892
-65
-689
-969
65
1234
929
658
531
1342
1952
688
-185
-212
-24
77
-549
-857
-314
126
834
1027
975
1533
-77
-1486
-118
1471
2333
1312
-505
-740
324
726
107
212
488
563
855
1398
1032
-99
447
1012
-49
-432
-503
-1425
-1000
113
551
1663
1890
402
-460
-755
-321
1611
1604
-89
-169
58
770
1301
1091
1293
943
712
452
492
624
-165
-391
295
749
191
184
714
930
949
246
535
799
337
433
385
830
929
651
687
562
541
310
60
267
754
508
154
902
956
228
299
461
721
1152
1297
648
-273
71
391
606
1465
1807
1418
808
466
968
2556
2656
843
87
282
279
-204
-359
-107
19
673
1262
382
-81
1386
2086
1883
1880
1301
429
446
1354
1587
1345
1315
1212
1219
1143
1651
2108
1188
41
-975
-1473
-450
1104
1678
1114
496
399
896
1287
1299
2377
2964
1806
463
-289
-85
636
1093
1209
1501
1690
1042
779
1485
1515
979
602
267
24
446
1784
2744
2857
1790
529
423
747
1296
1271
833
494
808
1588
910
381
767
890
751
1204
2106
1662
738
371
1415
2869
2051
629
37
-5
108
789
2160
1762
631
540
378
680
1416
1894
3000
2970
1661
1266
963
1497
1911
1370
658
-825
379
2321
1343
994
1593
2196
2276
1434
518
733
2053
1774
783
683
1395
2104
2008
1670
513
469
1824
2377
2163
1114
873
1440
1516
1181
832
1413
1600
1109
1175
1413
1875
2141
2072
2040
592
-131
1185
1866
2057
1687
1042
909
945
848
431
624
1163
1780
2364
1680
958
1090
1213
1706
2593
2513
1386
780
899
1249
1384
1406
1699
1354
968
1507
2357
2357
1183
555
480
163
349
749
939
1788
2420
2076
1581
1096
1284
1490
1217
636
694
1598
1182
706
1112
1231
1251
1389
1783
1421
834
1405
1987
2035
1494
812
860
1200
1646
1982
1583
1317
1419
785
762
1390
1165
799
-34
-249
1225
1887
1453
1022
257
-247
205
951
1261
895
740
927
385
257
739
751
1033
1743
1766
1184
787
1128
2123
1915
1007
778
903
994
666
881
630
158
829
578
-98
724
1328
553
676
1612
1392
1126
1421
922
-130
-8
1494
2048
984
255
450
988
1358
1342
1234
706
456
1473
2208
1931
1204
763
555
102
-189
-93
637
802
348
375
510
753
544
372
353
496
1515
1557
1334
701
-121
624
630
813
1371
1030
1007
774
448
118
586
1476
1211
1266
1214
727
1026
1401
1110
955
1261
1093
753
370
-268
77
940
1000
764
664
742
684
813
1242
1209
676
495
1014
725
-271
-212
743
817
79
-234
-50
785
1274
1169
879
777
1803
2475
1995
1097
538
530
614
907
1380
1120
561
886
448
340
1416
1122
355
377
297
-388
-719
182
1107
881
155
162
673
1064
1095
1034
1596
1410
1065
1686
1516
1423
1454
1047
1304
966
333
20
200
1228
1132
411
376
225
-367
-609
-293
-58
490
942
1126
1845
1684
878
791
968
1676
1865
1485
1831
1661
740
245
655
706
162
-164
-334
334
952
1377
1181
467
380
89
553
1289
1167
1278
1171
851
615
348
1079
1883
2068
1982
998
459
977
663
154
242
578
998
577
888
1676
1391
1532
1541
764
215
-173
-242
-309
187
1108
1059
1348
1878
1951
2285
2010
1408
1575
1437
624
114
495
993
757
537
975
1786
1794
1090
1098
747
-361
-690
-126
1037
1481
1128
994
853
842
766
1123
1688
1500
1530
1704
1788
2104
2175
1875
694
-390
-86
752
1281
1616
1890
1515
1097
1287
1072
1011
1187
898
877
1074
1124
1211
1464
1642
1520
1213
1363
1418
1434
2018
1987
1748
1720
1210
888
1393
1767
1214
463
654
1787
2262
1394
908
1429
1561
1133
1125
1600
2134
2142
1714
1845
2203
1764
880
604
1432
2820
2517
813
399
997
1852
2345
1890
2055
2369
1521
707
303
369
780
1502
2452
2214
1520
1475
1721
1934
1631
1896
2754
2701
2070
1695
1615
1862
2152
2314
2353
2140
2015
1302
551
1105
1706
1510
1032
457
795
1949
2500
2392
1823
1830
2619
2623
2547
2864
2434
2151
1980
1535
1271
1145
1474
1820
2099
1822
1053
973
1593
2181
1999
1818
1813
1756
1798
1692
1944
2153
2296
2253
1985
2132
2168
2390
2671
2250
2041
2289
2112
1496
878
651
803
1308
1420
1325
1862
1906
1805
1696
1325
1582
1799
1992
2000
1676
2018
2414
1874
872
1094
2536
2912
1849
1146
1492
2301
2236
1464
1352
1857
2344
2181
2001
1909
1690
1657
1496
1473
1392
1409
1695
1443
1012
1294
2066
2271
1803
1518
1741
1487
672
915
1433
1319
1469
1712
2038
2115
1451
995
1194
1700
2135
2027
1602
1260
1047
1428
1791
1487
1117
1025
1280
1330
1365
1885
2215
2086
1672
1141
1115
1562
1628
1139
762
699
969
1497
1606
1342
1162
1108
1013
1473
1490
640
600
1095
1978
2328
1955
1517
958
1216
1544
1471
1436
1548
1630
1249
993
1100
1316
1616
1465
1147
1413
1407
1269
1467
1460
1174
1226
1337
814
523
426
756
1125
998
1121
1019
1248
1684
1615
1342
854
987
1496
1543
1342
1458
2010
2079
1390
751
939
1248
1152
1059
1032
1017
1004
1112
1253
1382
910
173
562
1148
1488
1948
1505
1407
1735
1387
1133
790
664
735
529
923
1660
1925
1217
-220
-174
821
1054
1470
1793
1581
1003
346
725
1261
1208
1216
1070
1053
1486
1509
1092
805
820
1020
1070
1336
1115
820
1119
1151
1374
1648
1546
1413
1524
1468
1217
1263
1310
1037
576
494
759
1127
1457
1109
800
976
661
211
299
857
1693
1743
1146
1012
1012
1028
1236
1376
1468
1601
1671
1233
606
978
1433
1369
1089
542
629
735
744
900
712
716
774
934
1198
1314
1377
1312
1272
1119
1205
1425
1614
1629
1229
989
914
1084
1059
925
925
547
352
444
498
899
1267
1012
696
905
1458
1722
1484
1253
955
592
887
1541
1569
1224
1272
1101
1069
1531
1577
1405
1149
714
334
334
455
412
630
683
698
1330
1724
1741
1472
1091
1043
927
1234
1670
1201
461
472
953
1201
1075
815
767
597
683
1217
1295
936
410
397
859
1192
1300
1157
897
789
1207
1468
1455
1256
901
841
922
1092
1081
793
733
953
715
209
403
1002
1267
1133
1206
1572
1596
1029
282
175
877
1611
1697
1437
1091
1164
1161
384
151
779
1309
1124
925
900
690
765
671
388
382
779
1017
722
633
1109
1701
1654
1089
502
716
982
1023
1308
903
727
654
666
945
643
464
457
594
834
920
955
763
516
422
606
1260
1976
1910
1596
1232
744
964
1015
950
1093
706
508
575
308
441
991
983
638
546
868
1023
734
645
437
572
1203
1138
1246
1344
1292
1580
1123
405
290
677
907
900
952
989
896
562
651
813
489
624
991
849
630
441
306
908
1503
1366
942
406
551
909
1141
1210
744
856
1143
842
688
567
206
344
759
894
950
676
516
612
735
1343
1579
1146
960
924
709
720
834
474
392
805
778
202
-159
106
438
965
1262
916
977
1304
1564
1406
782
494
502
582
625
705
1124
1132
593
863
1289
950
783
520
-13
295
1056
1354
910
0
145
947
1114
1021
623
721
633
178
736
879
591
434
433
684
895
1217
1386
1147
683
722
933
975
1005
755
719
616
267
181
206
568
1034
1258
951
579
953
1351
1432
1250
657
273
680
939
489
242
256
339
853
1200
966
752
886
1185
1213
1001
1041
790
207
557
1242
1298
1079
427
316
1183
1293
739
721
1052
1014
913
949
772
261
-79
331
647
694
791
689
642
895
1110
1225
1197
712
505
860
860
631
534
599
801
947
1318
1448
1125
993
929
628
260
306
1008
1224
341
-25
411
453
396
604
869
1150
1197
1180
1207
1053
712
461
829
901
438
794
1181
947
689
675
730
696
784
848
976
927
691
505
271
162
447
839
801
822
1072
1184
1155
1131
1380
1391
1230
1002
763
1098
1094
832
759
584
795
1028
876
869
769
725
883
784
704
659
643
598
641
850
1091
1078
930
1134
1165
1455
1688
1021
694
602
420
645
909
1097
1306
1131
779
948
1203
1498
1395
1000
1151
1194
1183
1220
1122
1008
681
555
921
1230
1108
834
1004
1202
979
977
1126
1073
946
847
821
827
1130
1427
1575
1743
1530
1192
1254
1670
1618
958
546
738
984
818
809
1058
1445
1728
1377
1071
878
636
1048
1721
1585
1027
1012
1247
1562
1744
1843
1782
1511
1516
1193
984
1351
1368
1249
1179
940
1150
1318
920
958
1403
1540
1684
1837
1656
1574
1558
1489
1415
1177
1156
1102
996
1269
1421
1226
1297
1315
999
1160
1344
1436
1430
1178
1412
1580
1525
1767
1685
1504
1665
1671
1806
2012
1697
1090
959
1420
1485
1214
1092
887
1095
1366
1381
1464
1402
1470
1489
1437
1569
1527
1544
1519
1379
1523
1205
744
990
1367
1747
2360
2497
1971
1448
1442
1790
1636
1324
1082
1051
1450
1542
1307
1000
917
1311
1635
1563
1473
1389
1204
1105
1304
1721
1861
1805
1781
1867
1924
1975
1929
1511
1386
1454
1610
1550
1196
1188
1090
1106
1508
1812
1595
1356
1579
1576
1399
1388
1419
1525
1421
1200
1343
1468
1316
1569
1866
1772
1581
1601
1843
1784
1717
1735
1717
1568
1316
1282
1484
1393
1142
1405
1552
1324
1156
1399
1713
1724
1683
1516
1478
1661
1581
1431
1633
1741
1684
1539
1123
1075
1059
1157
1521
1400
1516
1851
1785
1648
1474
1328
1727
1981
1589
1087
972
1496
1561
1007
836
1027
1389
1629
1713
1772
1780
1848
1686
1443
1142
822
935
1197
1371
1640
1476
884
807
1294
1830
1800
1440
1256
1183
1268
1265
1349
1605
1675
1588
1405
1582
1739
1446
1332
1526
1708
1648
1308
1038
1232
1323
1465
1405
736
687
1141
1485
1687
1598
1743
1893
1946
2079
1739
1351
1112
1146
1448
1554
1491
1366
1346
1215
951
1444
2058
1454
932
822
643
936
1227
1608
1831
1683
1816
1957
1896
1522
1346
1668
1843
1679
1645
1795
1520
1224
1132
811
507
746
1300
1580
1565
1459
1397
1438
1512
1831
1970
1761
1948
1829
1491
1425
1189
1425
1903
1754
1150
865
1195
1586
1620
1558
1723
1764
1611
1268
1121
1185
1267
1277
1117
1477
1696
1792
1731
1387
1539
1500
1545
1714
1636
1700
1649
1696
1682
1403
1467
1526
1501
1705
1349
1151
1588
1457
1249
1220
1418
1968
1966
1867
1800
1397
1444
1428
1322
1653
1638
1518
1419
1181
1389
1627
1589
1693
1435
1256
1434
1348
1351
1252
1209
1545
2025
2257
1918
1733
1748
1494
1295
1404
1598
1651
1546
1380
1516
1596
1622
1960
1995
1639
1581
1697
1413
1156
1006
936
1074
1021
1118
1645
1949
1947
1912
1521
1296
1400
1307
1400
1231
1242
1621
1432
1560
1839
1856
1894
1588
1469
1693
1545
1417
1385
1246
1334
1308
1220
1236
1170
1171
1299
1287
1212
1618
2045
1821
1439
1486
1854
1698
1382
1369
1126
1001
1148
1345
1758
2031
1814
1808
1885
1735
1408
720
381
424
523
1042
1355
1322
1425
1404
1434
1635
1637
1416
1400
1439
1444
1233
809
877
1135
1354
1392
1350
1627
1765
1699
1355
1175
1121
871
1094
979
691
915
1338
1522
1271
1275
1398
1370
1324
1241
1046
846
1017
1159
1140
1204
961
893
995
796
765
977
1102
962
903
930
874
904
1186
1596
1462
1149
966
975
1149
1155
1281
911
523
703
938
962
489
333
746
835
627
786
852
795
997
873
744
702
706
1054
1087
1151
1390
1264
1011
842
952
1142
811
458
688
458
160
557
593
542
735
686
669
564
723
864
547
619
753
721
944
908
520
356
265
572
910
884
978
1100
1420
1347
572
130
185
65
-234
-376
-265
-37
370
936
1285
1523
1502
936
438
523
913
963
774
541
161
62
143
310
736
749
503
745
858
807
795
630
345
-134
-111
289
198
252
603
561
602
811
757
773
887
772
656
542
336
35
-50
335
569
738
933
806
1021
1390
949
434
342
32
-332
-403
-272
92
332
514
696
544
794
1073
818
901
798
337
165
65
260
423
417
619
510
435
719
709
816
1008
829
684
584
512
307
-46
-63
-158
-233
221
658
1233
1438
1010
1043
1167
753
636
927
744
420
301
249
526
918
786
481
399
530
699
612
877
1064
921
1041
685
310
461
308
271
643
653
842
1362
1558
1626
1300
1342
1300
573
408
115
131
763
770
821
1194
1156
814
528
448
474
469
710
870
1010
1206
945
1240
1737
1634
1507
1126
906
868
680
610
270
114
417
672
977
1239
1559
1866
1849
1682
1369
1035
933
640
493
671
397
270
521
735
1060
1281
1377
1411
1512
1713
1620
1595
1317
842
622
421
693
869
982
1186
1378
1664
1365
1359
1706
1446
1209
1197
841
589
786
747
585
662
1022
1249
1098
1188
1133
963
1092
1303
1599
1650
1321
1074
1168
1312
1138
1133
1397
1293
1189
1338
1466
1333
880
547
495
541
884
1245
1269
1359
1404
1459
1919
2196
1828
1569
1712
1580
1149
969
941
659
397
543
1011
1385
1428
1382
1320
1443
1592
1635
1642
1320
1131
1305
1545
1592
1585
1676
1688
1749
1626
1481
1414
1240
1217
1090
1158
1274
1123
1054
1201
1573
1711
1720
1521
1490
1683
1399
1128
1216
1381
1592
1782
1675
1518
1493
1692
1911
1865
1789
1561
1398
1531
1551
1620
1683
1473
1335
1385
1445
1534
1519
1402
1516
1442
1532
2034
2064
1977
1836
1494
1498
1580
1503
1414
1536
1574
1538
1533
1462
1517
1662
1789
1474
1441
1699
1616
1529
1585
1662
1481
1452
1674
1735
1805
1841
1608
1392
1436
1261
1099
1568
1678
1377
1369
1413
1519
1687
1680
1594
1641
1759
1599
1280
1414
1563
1455
1469
1555
1638
1717
1655
1520
1467
1354
1368
1452
1323
1313
1372
1439
1317
1026
1160
1431
1541
1472
1470
1574
1691
1877
1834
1722
1618
1466
1498
1301
1092
1133
864
823
1129
1242
1351
1331
1030
1198
1586
1780
1795
1261
1158
1466
1515
1659
1347
1095
1418
1618
1618
1215
977
1102
977
852
1032
1242
1272
1239
1196
1136
1233
1267
1036
1013
935
641
732
866
1070
1576
1400
1165
1311
1421
1573
1301
1171
1282
1093
940
867
648
718
893
690
717
848
1066
1285
911
817
1119
975
639
749
770
602
778
827
867
817
757
929
979
1139
1344
1320
1143
888
859
977
681
364
284
184
456
443
246
621
519
322
805
1149
1025
883
818
1076
1125
675
761
613
439
786
654
673
644
227
513
708
394
338
525
748
706
518
533
691
584
335
331
477
746
723
479
615
641
577
720
637
579
570
343
448
454
247
405
384
459
728
469
341
600
495
397
314
349
435
30
208
729
605
672
759
475
582
556
191
191
259
134
189
275
164
375
667
689
486
366
594
382
250
496
250
238
747
640
379
635
605
487
388
370
417
302
253
179
216
119
-215
-277
62
204
177
382
353
324
719
1207
1403
1180
909
576
523
484
-111
-194
68
12
144
368
521
740
823
665
512
646
541
253
91
-233
-92
512
684
609
690
924
1209
921
695
722
225
120
164
120
639
639
310
561
577
588
983
993
968
889
920
976
252
-265
-162
47
242
408
390
554
1099
1455
1362
1173
1080
809
547
208
-204
-163
446
700
285
583
1361
1436
1398
1611
1627
1125
445
-167
-561
-386
-103
155
506
1267
1945
1692
1544
1916
1643
918
767
539
381
724
341
-50
300
556
764
1167
1759
2132
1854
1306
834
258
-167
-439
-472
-39
604
1271
1589
1714
2146
2399
2064
1762
1748
1648
1205
705
634
784
516
212
326
196
61
564
1003
1345
1898
1793
1169
1522
1948
1134
961
1744
1579
799
965
1415
1816
1852
1356
1204
1023
1515
1340
469
752
639
721
1283
1149
1082
1275
1455
1394
956
866
1138
1001
1435
1829
1379
1565
1646
1373
1310
1105
1165
1520
1719
1573
1438
1624
1454
1151
911
695
946
827
778
1348
1745
1919
1645
1685
2508
2041
1122
1421
1320
988
711
571
1287
1539
1531
1633
1547
1785
1603
1281
1470
1543
1500
1453
1296
1569
1890
1927
1961
1581
1319
1615
1599
979
775
1011
925
873
963
1143
1492
1564
1679
1757
1639
1872
1752
1565
1985
1788
1172
1070
1048
1010
1150
1454
1806
1882
1697
1603
1493
1579
1532
1093
1098
1320
1309
1129
962
991
1138
1319
1608
1852
1815
1626
1532
1556
1463
1169
994
1065
1224
1167
1016
1205
1410
1571
1774
1925
2022
2078
1874
1509
1421
1309
1034
960
996
775
779
1298
1593
1708
1932
2018
1964
1745
1500
1337
1174
1076
1030
977
1152
1277
1331
1555
1655
1814
1948
1907
1796
1531
1263
1304
1422
1420
1330
1215
1164
1229
1538
1649
1488
1477
1483
1503
1613
1492
1432
1627
1547
1396
1473
1521
1499
1499
1499
1360
1478
1518
1261
1195
1184
1355
1377
1395
1573
1550
1734
1973
1899
1971
1978
1649
1350
1064
1004
1139
1199
1338
1603
1822
1778
1613
1622
1689
1646
1437
1328
1234
1119
1214
1281
1347
1350
1381
1628
1747
1606
1533
1523
1485
1594
1577
1529
1718
1758
1727
1618
1533
1546
1334
1166
1070
1032
1226
1420
1446
1583
1586
1316
1442
1686
1555
1604
1612
1484
1415
1203
1362
1499
1361
1394
1493
1635
1798
1905
1915
1845
1608
1479
1541
1510
1449
1229
1204
1328
1371
1389
1286
1550
1536
1159
1491
1832
1419
1283
1439
1482
1842
1768
1783
1962
1659
1660
1659
1598
1448
1253
1232
1223
1098
1023
1380
1449
1586
1772
1714
1872
1783
1571
1460
1333
1295
1410
1396
1369
1400
1302
1242
1332
1456
1423
1542
1646
1684
1769
1449
1301
1388
1380
1387
1109
1030
1347
1602
1683
1801
1905
1600
1258
1173
1172
1019
851
1048
1285
1713
2057
2057
1954
1593
1323
1048
923
907
858
996
1209
1372
1383
1663
1814
1608
1555
1626
1533
1394
1503
1258
1083
1040
1101
1629
1593
1459
1390
1183
1238
1384
1556
1635
1549
1535
1662
1298
949
965
1071
1481
1656
1605
1645
1423
1351
1696
1761
1446
1157
924
977
1295
1392
1386
1337
1118
1196
1534
1478
1302
1235
1335
1415
1440
1844
1937
1672
1477
1285
1088
982
984
1035
1370
1551
1638
1672
1393
1109
795
881
1107
1148
1145
1004
1118
1586
1857
1750
1617
1466
1311
1020
999
1389
1240
1160
1360
1171
1181
1187
1230
1281
1111
1116
1292
1304
1057
1133
914
782
944
906
1277
1232
978
1456
1788
1727
1715
1574
1435
1122
883
1141
1028
598
530
899
1316
1219
1120
1370
1462
1214
1159
1424
1331
955
1000
1015
871
1154
1163
996
1186
1253
1095
1085
1277
1271
1137
1233
1085
875
806
771
891
803
1144
1334
1169
1518
1633
1587
1510
1332
1333
923
486
589
611
747
935
772
1203
1527
1467
1889
1621
1418
1364
955
1149
967
827
923
465
786
1274
922
1001
1290
1388
1320
1024
1428
1567
1025
1026
887
776
923
780
891
1034
958
1148
1386
1511
1377
1062
1207
1175
936
928
898
894
778
661
713
915
1057
1074
1109
1209
1219
1052
1037
952
828
836
906
968
822
989
1147
1046
1133
1348
1287
928
767
739
675
522
587
831
983
1369
1611
1433
1428
1177
1044
1256
757
325
503
613
748
840
845
756
486
711
1074
1182
1101
802
829
1110
1000
921
1150
1004
679
645
845
669
690
1142
1328
1459
1144
795
1039
1180
1116
947
548
429
488
540
672
709
744
687
768
906
1090
1322
1127
1067
1204
1048
939
719
539
860
732
675
944
884
1151
1162
1004
1128
1047
822
534
578
792
461
243
379
541
1059
1112
718
808
777
690
864
876
920
767
505
830
1094
935
948
884
956
990
740
794
778
783
847
742
645
713
882
721
606
808
802
586
674
982
1138
951
778
1047
1065
1048
1112
950
1009
905
676
569
549
636
473
452
762
933
1131
1108
1116
1167
855
721
622
789
999
773
743
719
525
714
1097
1186
1251
1339
1265
1150
922
939
889
575
736
801
608
588
503
587
882
910
895
1051
1125
1201
1211
1162
1109
843
653
562
646
857
877
1089
1132
956
999
1037
1115
966
597
595
571
568
840
1012
1098
1058
966
1049
1132
1083
1006
818
857
914
930
1127
948
850
959
1043
1329
1266
1041
962
860
1055
1158
1015
853
710
916
1058
920
1183
1292
1039
1110
1121
1110
1296
1154
867
976
1238
1269
1123
1152
1026
802
1013
1175
1194
1268
1090
999
1122
1172
1327
1470
1503
1336
1029
1191
1369
996
1102
1260
1051
1172
1139
1126
1176
1152
1453
1556
1419
1315
950
974
1415
1371
1243
1528
1652
1589
1650
1685
1601
1345
1120
974
987
1063
988
1040
972
976
1302
1466
1457
1378
1570
1800
1736
1853
1918
1325
944
884
767
1318
1492
1358
1592
1669
1854
1786
1724
1828
1380
1026
948
829
878
1010
1112
1302
1488
1442
1453
1563
1673
1617
1671
1891
1666
1237
1016
1092
1105
1210
1649
1629
1472
1525
1461
1667
1676
1174
992
1067
977
1181
1391
1445
1343
1064
1343
1500
1295
1502
1590
1483
1447
1334
1367
1299
1157
1155
1147
1257
1346
1318
1489
1592
1599
1629
1456
1438
1486
1342
1089
895
1028
1073
1027
1338
1521
1497
1488
1627
1482
1125
1312
1497
1522
1453
1276
1187
1297
1327
1331
1524
1405
1322
1301
1421
1688
1429
1233
1222
1137
1152
1007
873
1083
1054
1120
1664
1524
1519
1734
1467
1468
1420
1335
1270
1195
1231
1220
1228
1192
1060
938
1156
1372
1367
1478
1454
1354
1417
1454
1362
1326
1168
1072
1050
988
1200
1260
1353
1585
1573
1459
1342
1062
1017
1111
1030
1224
1254
1303
1422
1132
996
997
1151
1339
1211
1289
1411
1191
1060
988
976
1093
979
1086
1437
1524
1454
1544
1704
1813
1809
1428
1169
874
595
660
774
1009
1020
1063
1329
1441
1426
1279
1364
1334
1142
1247
1191
1064
1144
1192
1261
1533
1245
1097
1434
1281
1191
1020
1148
1199
751
839
1005
1157
1197
1175
1502
1682
1446
1308
1463
1222
882
765
905
949
891
1168
1168
1289
1337
1158
1495
1614
1399
1290
1085
1097
1017
619
806
969
897
1106
813
1002
1602
1387
1390
1503
1322
1326
1150
984
896
678
1069
1089
634
888
1098
1276
1368
1185
1207
1102
1220
1318
913
885
833
601
762
843
936
1194
1211
1320
1351
1098
1250
1109
740
1020
909
789
1087
950
921
1035
1098
1191
1235
1442
1437
1103
954
936
1077
1221
1104
862
677
777
626
510
770
1015
1043
1122
1357
1013
1038
1315
1198
1373
1210
949
855
759
909
1087
937
868
1077
1080
1351
1153
960
1321
1107
1065
930
513
523
559
767
949
837
967
1155
1318
1459
1448
1480
1278
1026
947
782
879
930
836
976
933
924
1238
1256
991
779
701
1084
1061
898
967
690
825
950
1037
1399
1309
1208
1283
1147
1076
970
848
808
730
818
999
1082
983
867
1008
1272
1277
1153
1195
961
765
856
866
911
962
1082
1209
1386
1294
1211
1265
1028
935
718
685
849
471
262
366
505
881
1145
1389
1602
1571
1514
1355
1050
799
671
640
713
770
795
862
967
1099
1049
1228
1245
972
1200
870
613
784
631
827
816
802
1311
1364
1314
1508
1349
1326
1144
925
990
539
236
368
513
934
984
1047
1426
1188
1118
1211
1001
988
892
869
1002
772
830
1070
1017
999
936
1174
1444
1282
1175
1246
1191
986
868
822
624
475
543
637
992
1397
1283
1262
1308
1231
1017
659
816
763
577
807
841
981
1307
1421
1613
1640
1283
1118
1086
1032
900
788
961
922
940
1096
1154
1503
1477
1298
1300
939
752
764
733
808
540
501
705
674
1139
1407
1192
1329
1345
1265
1604
1775
1883
1765
1345
1350
1435
1343
1073
877
975
879
744
811
845
863
860
1032
1376
1475
1364
1266
1219
1492
1410
1022
1037
992
1135
1319
1349
1373
1396
1442
1300
1541
1815
1741
1729
1372
1032
697
408
573
827
973
1083
1374
1680
1903
1773
1717
1770
1254
1042
1118
966
1114
973
834
1119
1196
1450
1688
1802
1951
1935
1742
1430
1180
943
755
889
1278
1222
990
1306
1622
1564
1356
1654
1700
1412
1630
1215
911
984
790
886
1110
1210
1107
1210
1480
1443
1549
1893
1581
1449
1903
1551
1286
1380
1438
1546
1052
1102
1242
986
1228
1066
1078
1482
1273
1280
1494
1372
1415
1453
1463
1420
1452
1611
1526
1636
1810
1758
1733
1503
1256
1317
1363
1371
1269
1203
1316
1216
1339
1571
1424
1389
1332
1302
1409
1440
1452
1282
1288
1505
1503
1702
1956
1686
1513
1664
1553
1353
1300
1335
1435
1448
1452
1407
1450
1646
1703
1513
1394
1416
1307
1388
1450
1314
1385
1387
1255
1456
1625
1622
1815
1845
1644
1479
1208
1247
1382
1217
1258
1222
1263
1428
1380
1575
1580
1309
1440
1381
1355
1632
1477
1407
1571
1462
1359
1323
1292
1323
1238
1296
1340
1139
1192
1277
1124
1154
1129
1055
1292
1602
1717
1673
1684
1462
1175
1082
1044
1235
1395
1183
1039
1179
1136
1011
1103
1155
1092
1329
1461
1274
1418
1402
1200
1092
1018
1262
1277
1152
1180
992
951
1120
821
1022
1763
1592
1442
1626
1468
1300
1167
1057
992
838
823
824
598
719
963
1054
1345
1308
1301
1551
1461
1210
870
682
507
513
828
978
1159
1302
1318
1232
1060
1059
1196
1237
1037
1021
1259
1250
1031
776
776
872
648
558
852
867
718
984
1162
1221
1176
976
1033
706
352
347
213
434
645
553
771
1023
903
1270
1661
1723
1898
1556
1329
1080
554
231
-192
-415
-219
-165
57
648
729
932
1226
1123
1154
1090
1051
864
654
566
232
191
428
348
77
125
412
690
1030
1160
1151
1120
939
783
468
215
-92
-550
-589
-440
-258
332
997
1225
1419
1382
1268
1154
517
-73
-406
-486
-329
-206
282
765
626
727
1174
1048
617
471
375
232
-14
-262
-158
57
126
282
576
714
676
785
877
634
469
562
409
112
169
199
99
101
125
107
173
394
530
555
401
270
247
331
424
230
238
416
566
654
423
345
428
357
139
108
347
394
194
166
245
142
89
-95
-147
38
109
317
575
766
858
693
550
417
263
137
-248
-533
-387
-76
241
616
757
675
727
756
757
653
465
426
14
-237
-66
-36
67
52
186
304
73
9
311
259
53
285
324
505
675
729
845
462
403
409
107
78
-53
68
356
372
131
-54
211
547
544
521
589
316
173
397
539
406
96
-43
114
302
387
623
924
955
826
867
897
628
353
182
37
-128
100
445
436
557
372
145
266
354
461
681
810
773
942
973
960
901
522
507
462
534
893
723
734
805
484
440
541
477
484
480
708
997
730
599
745
981
1156
1009
1105
1157
820
804
1162
1231
848
632
720
766
696
757
1034
1211
1138
963
1020
1017
787
798
842
721
826
961
1200
1585
1603
1518
1436
1323
1351
1170
978
906
693
771
1049
1216
1483
1631
1632
1861
1766
1435
1231
886
738
647
724
1159
1357
1618
1817
1526
1588
1640
1473
1547
1447
1422
1309
1047
1321
1528
1567
1731
1525
1681
2044
1845
1777
1586
1311
1358
1156
1177
1282
964
994
1300
1424
1646
1679
1909
2306
2130
2209
2207
1844
1742
1635
1370
1266
1320
1303
1409
1565
1751
1884
1780
1877
2058
1958
1874
1709
1392
1219
1212
1191
1436
1931
2121
2148
2409
2566
2283
1907
1794
1723
1466
1351
1323
1369
1579
1688
1660
1543
1571
1940
2194
2157
1955
1874
1900
1620
1545
1737
1841
1854
1913
2222
2531
2576
2424
2215
1958
1815
1720
1454
1318
1301
1547
1781
1777
2019
1928
1846
2045
2016
2216
2299
2109
2015
1834
1988
2032
1632
1541
1614
1785
2093
2090
2091
2209
2049
2029
1795
1468
1609
1742
1920
2025
1953
2139
2233
2044
1863
1693
1628
1715
1905
1839
1614
1388
1225
1597
2062
2046
1982
1876
1858
2011
1895
1955
1708
1237
1536
1616
1656
1914
1554
1744
2169
1998
2002
1875
1602
1564
1392
1546
1884
1530
1491
1607
1501
1835
1762
1694
1913
1588
1608
1737
1490
1376
1250
1508
1888
1901
1849
1791
1879
1992
1895
1788
1806
1599
1168
1009
1013
1385
1853
1870
1696
1880
2079
1866
2018
1915
1652
1614
1389
1391
1171
941
1018
1048
1405
1832
1840
1937
1986
1815
2006
1996
1884
1850
1622
1634
1504
1499
1609
1486
1509
1437
1328
1423
1403
1420
1571
1520
1474
1472
1488
1558
1569
1669
1767
1634
1544
1769
1874
1596
1525
1603
1491
1617
1641
1187
1329
1791
1709
1672
1469
1148
1113
1153
1270
1298
1322
1498
1276
1180
1768
2022
1662
1501
1680
1780
1720
1552
1494
1405
1352
1312
1304
1369
1186
1239
1219
1078
1280
1409
1376
1150
1132
1317
1258
1084
1123
1257
1295
1674
1700
1562
1465
1346
1691
1573
1284
1014
793
906
951
1150
1330
1498
1481
1442
1680
1554
1430
1448
1259
988
889
1027
1072
999
1100
1145
1162
1373
1368
1296
1286
1216
1043
1151
1258
949
1017
1317
1309
1103
1142
1395
1489
1458
1303
1292
1315
1262
1144
940
1053
863
619
