-425
-228
-143
-165
-177
-258
-282
-319
-407
-428
-447
-393
-320
-358
-471
-530
-545
-561
-513
-439
-362
-256
-212
-315
-333
-262
-335
-461
-508
-508
-524
-506
-509
-499
-405
-460
-563
-479
-401
-446
-435
-334
-268
-229
-218
-228
-299
-431
-476
-436
-395
-438
-498
-488
-457
-422
-435
-486
-416
-244
-189
-268
-365
-426
-457
-497
-542
-518
-445
-472
-551
-590
-596
-575
-523
-426
-279
-176
-227
-341
-458
-540
-534
-465
-346
-247
-265
-345
-409
-364
-177
-111
-199
-326
-392
-356
-441
-576
-539
-383
-264
-261
-381
-452
-418
-480
-582
-617
-587
-453
-321
-245
-209
-179
-111
-108
-119
-142
-257
-341
-351
-388
-417
-344
-285
-245
-150
-142
-243
-312
-328
-328
-313
-264
-177
-156
-201
-215
-230
-248
-227
-179
-134
-87
-98
-153
-131
-124
-206
-290
-299
-246
-161
-74
-97
-119
-105
-143
-114
-67
-41
-23
-5
24
-24
-93
-102
-45
21
37
6
-64
-126
-109
-58
-20
17
33
85
139
140
140
160
190
184
117
33
20
42
30
75
120
68
56
96
133
193
245
259
298
337
207
39
47
136
191
212
241
275
309
282
176
181
241
262
321
349
298
235
259
355
433
483
480
461
440
330
206
201
260
295
331
349
360
330
242
170
106
130
205
270
292
250
275
307
280
246
273
314
315
342
342
316
286
223
253
387
441
380
345
407
467
482
450
428
450
411
303
268
330
375
315
165
96
170
288
279
208
235
267
344
410
322
270
351
440
475
457
433
388
370
378
368
388
375
331
293
272
331
423
413
399
476
492
432
382
279
188
190
173
133
118
111
158
284
387
420
425
387
286
190
153
174
220
274
345
348
326
287
196
160
149
136
131
149
221
265
232
254
361
416
399
338
231
137
67
6
-16
17
74
70
59
122
254
371
393
358
269
189
89
-19
-30
24
105
146
164
276
443
531
527
431
294
195
55
-94
-179
-275
-339
-275
-143
-49
22
93
109
105
108
100
125
136
81
62
4
-121
-136
-102
-125
-164
-159
-138
-124
-140
-201
-176
-68
-11
-22
-35
-16
41
53
-15
-100
-205
-242
-254
-381
-436
-355
-315
-319
-345
-338
-316
-362
-347
-249
-234
-287
-355
-446
-485
-481
-449
-443
-423
-354
-359
-417
-491
-494
-454
-490
-515
-510
-531
-520
-492
-505
-457
-391
-436
-515
-581
-663
-730
-775
-785
-774
-763
-726
-690
-704
-750
-736
-699
-657
-591
-618
-717
-763
-776
-774
-789
-847
-915
-950
-932
-934
-936
-888
-798
-699
-664
-705
-716
-744
-873
-998
-1072
-1110
-1074
-992
-965
-950
-984
-1045
-1008
-1029
-1107
-1073
-974
-909
-912
-1029
-1175
-1164
-1077
-992
-890
-857
-842
-844
-941
-1079
-1212
-1285
-1230
-1142
-1132
-1143
-1087
-1008
-1008
-1077
-1135
-1142
-1115
-1084
-1096
-1118
-1167
-1214
-1190
-1139
-1046
-1004
-1022
-1051
-1097
-1116
-1154
-1190
-1188
-1123
-1105
-1177
-1235
-1295
-1307
-1241
-1211
-1245
-1253
-1272
-1283
-1230
-1227
-1220
-1144
-1138
-1197
-1212
-1180
-1179
-1249
-1351
-1461
-1458
-1401
-1416
-1400
-1333
-1291
-1288
-1300
-1351
-1382
-1389
-1376
-1258
-1181
-1212
-1206
-1133
-1090
-1112
-1193
-1300
-1349
-1384
-1449
-1505
-1545
-1527
-1452
-1423
-1376
-1266
-1204
-1192
-1211
-1253
-1258
-1232
-1239
-1290
-1311
-1260
-1232
-1235
-1284
-1351
-1327
-1309
-1347
-1380
-1377
-1344
-1283
-1228
-1232
-1235
-1165
-1029
-981
-1034
-1134
-1242
-1257
-1255
-1289
-1301
-1257
-1216
-1210
-1195
-1184
-1233
-1261
-1216
-1193
-1184
-1136
-1027
-911
-870
-952
-1068
-1078
-1033
-1034
-1070
-1097
-1071
-992
-984
-1106
-1279
-1458
-1670
-1548
-1130
-841
-173
534
123
-1062
-1981
-2222
-1689
-963
-958
-1027
-407
61
-197
-744
-1334
-1589
-1109
-681
-680
-677
-946
-1067
-647
-561
-558
-220
-121
-186
-471
-1079
-1234
-964
-797
-614
-682
-835
-755
-837
-741
-462
-531
-437
45
93
-334
-651
-770
-397
-81
-407
-710
-701
-483
-497
-848
-902
-515
-192
-184
-223
-169
-131
-155
-185
-330
-376
-73
59
-135
-190
-220
-421
-510
-495
-540
-410
-265
-329
-179
73
142
130
35
-107
-330
-436
-221
-91
-140
0
112
67
-2
-24
55
-95
-274
-246
-195
-106
-88
-191
-170
78
196
167
83
-76
2
71
-31
-37
79
238
189
83
73
-24
-13
179
144
-128
-131
94
133
35
64
66
50
257
142
-225
23
437
405
356
213
-34
209
403
136
43
106
94
205
350
220
40
278
397
179
230
276
300
439
230
8
250
470
356
200
145
200
302
284
116
57
213
448
441
190
187
288
365
477
317
156
368
457
259
290
391
351
550
720
466
308
417
416
320
193
79
211
450
468
348
260
335
499
534
523
497
470
552
594
476
365
445
580
603
681
743
646
643
607
383
181
121
311
483
384
340
471
611
734
694
631
753
782
696
564
460
527
591
602
676
720
678
686
639
554
593
640
651
569
503
655
693
467
370
399
457
530
440
446
695
772
583
490
551
677
742
614
559
689
826
816
717
611
553
603
632
684
659
547
576
587
521
500
551
612
588
494
420
529
694
744
772
740
698
732
741
645
545
483
483
548
493
414
478
620
658
550
447
434
473
428
382
493
605
595
617
718
749
715
703
681
694
740
655
482
443
498
499
425
419
532
470
442
558
525
534
632
694
810
949
850
684
657
678
756
613
379
410
460
345
289
355
465
614
632
657
772
800
702
552
570
698
692
714
747
607
647
704
531
480
469
501
600
507
438
550
596
589
680
713
636
743
932
921
820
690
572
463
291
273
421
452
474
598
669
661
625
566
473
408
457
530
542
580
488
424
550
480
471
552
474
569
614
384
288
365
375
312
203
212
419
520
351
272
522
644
519
369
152
78
162
146
144
357
521
388
208
136
74
34
11
-14
133
352
479
574
512
264
130
206
261
292
276
211
164
102
183
260
230
184
51
95
427
599
423
232
64
-99
17
177
196
283
442
548
494
344
214
171
86
-30
88
265
286
268
312
366
360
334
244
186
347
436
222
-36
-5
208
209
74
76
286
437
293
127
158
339
477
581
639
545
396
190
121
172
69
-136
-140
102
169
212
384
351
320
376
201
-18
-107
-155
-75
86
222
341
460
508
360
188
238
349
373
308
-14
-392
-508
-410
-241
-95
79
274
401
422
355
327
339
282
210
130
62
68
-56
-184
-104
-59
-52
52
76
-78
-180
-241
-296
-89
195
241
216
233
150
63
73
-14
-144
-158
-168
-179
-117
-60
-10
105
227
290
182
-69
-145
-47
-17
-45
-67
-55
-5
14
5
48
17
-59
16
29
-15
56
43
18
86
98
127
108
-60
-211
-310
-347
-284
-159
-101
-161
-184
-99
51
138
111
80
89
36
-122
-274
-320
-258
-202
-206
-164
-85
-104
-186
-211
-128
5
11
-163
-226
-49
21
-135
-349
-426
-279
-189
-295
-348
-231
-117
-108
-139
-140
-117
-95
-91
-218
-359
-378
-353
-324
-346
-400
-479
-501
-419
-337
-277
-246
-140
-67
-171
-283
-355
-363
-333
-356
-373
-331
-262
-195
-176
-215
-207
-174
-195
-213
-228
-262
-337
-487
-593
-611
-583
-501
-486
-463
-337
-280
-288
-259
-269
-259
-189
-240
-356
-394
-382
-361
-393
-502
-560
-551
-586
-606
-544
-424
-285
-200
-146
-119
-193
-289
-385
-490
-527
-568
-626
-659
-633
-504
-358
-276
-285
-339
-359
-380
-464
-551
-615
-641
-586
-521
-451
-420
-451
-485
-487
-417
-358
-338
-311
-340
-425
-437
-450
-513
-474
-405
-435
-461
-422
-454
-513
-523
-553
-569
-581
-610
-573
-469
-418
-403
-394
-389
-370
-355
-329
-357
-418
-427
-407
-417
-460
-494
-522
-545
-547
-546
-540
-482
-395
-311
-274
-293
-301
-341
-396
-434
-469
-514
-513
-448
-401
-390
-438
-429
-335
-271
-298
-401
-447
-448
-464
-483
-500
-474
-429
-422
-441
-466
-433
-388
-357
-290
-266
-298
-295
-290
-356
-369
-310
-296
-311
-342
-396
-437
-439
-467
-509
-568
-581
-475
-433
-482
-478
-406
-359
-338
-334
-389
-396
-386
-434
-449
-429
-419
-444
-465
-495
-518
-464
-424
-391
-353
-388
-438
-428
-439
-458
-465
-478
-414
-369
-366
-342
-288
-236
-259
-262
-283
-369
-460
-561
-568
-494
-464
-497
-462
-401
-440
-404
-289
-218
-218
-257
-272
-248
-259
-320
-275
-241
-277
-344
-442
-448
-410
-445
-496
-470
-456
-450
-439
-458
-422
-354
-289
-254
-222
-213
-253
-266
-302
-323
-303
-292
-290
-345
-416
-457
-472
-426
-378
-403
-409
-414
-437
-399
-390
-367
-287
-250
-212
-192
-232
-299
-409
-526
-550
-538
-551
-531
-530
-536
-494
-462
-464
-432
-360
-329
-288
-249
-236
-175
-117
-147
-227
-255
-285
-373
-424
-425
-437
-458
-475
-529
-599
-633
-632
-577
-501
-452
-373
-271
-186
-180
-249
-316
-368
-368
-366
-367
-356
-367
-371
-379
-379
-372
-359
-361
-359
-328
-350
-356
-341
-362
-355
-325
-266
-181
-182
-282
-343
-355
-379
-395
-410
-412
-418
-399
-392
-441
-429
-382
-335
-275
-274
-291
-255
-217
-170
-141
-198
-264
-282
-281
-309
-319
-305
-289
-264
-229
-199
-180
-106
-35
0
-17
-93
-142
-166
-206
-256
-283
-331
-354
-325
-304
-308
-339
-308
-238
-234
-266
-188
-58
16
87
115
125
113
39
-26
-61
-58
-75
-156
-203
-205
-190
-154
-142
-130
-83
-67
-37
40
94
110
90
41
-29
-70
-62
-56
-40
1
17
41
22
-70
-121
-158
-158
-102
-61
-23
49
82
62
83
99
106
109
74
19
-9
-1
-13
0
0
-13
13
-10
-27
3
-9
-32
10
64
78
75
36
-2
-17
-49
-73
-48
-16
-50
-81
-82
-101
-61
2
16
28
54
74
98
134
125
114
129
103
23
-58
-89
-82
-78
-106
-111
-106
-85
-32
-24
-40
-52
-55
-69
-111
-173
-228
-204
-122
-68
-59
-71
-90
-77
-23
-31
-88
-118
-109
-73
-43
-42
-51
-57
-99
-143
-165
-196
-212
-189
-167
-162
-172
-200
-202
-192
-207
-215
-195
-187
-211
-244
-259
-268
-236
-210
-248
-208
-131
-101
-95
-129
-155
-150
-171
-210
-220
-219
-183
-172
-213
-267
-296
-242
-218
-255
-290
-311
-331
-353
-372
-407
-412
-394
-415
-458
-475
-488
-440
-380
-370
-309
-247
-182
-83
-70
-153
-196
-202
-268
-308
-326
-387
-409
-399
-414
-417
-395
-384
-356
-312
-342
-382
-377
-393
-424
-487
-539
-507
-419
-339
-334
-369
-359
-337
-321
-328
-369
-357
-315
-297
-317
-336
-349
-399
-423
-425
-418
-384
-349
-360
-369
-359
-403
-480
-543
-532
-501
-502
-511
-546
-564
-521
-475
-480
-464
-422
-375
-311
-268
-290
-316
-323
-365
-370
-366
-417
-477
-544
-608
-620
-591
-579
-571
-513
-443
-408
-393
-396
-401
-370
-350
-356
-372
-423
-451
-491
-574
-633
-660
-677
-677
-613
-528
-484
-440
-392
-380
-360
-359
-392
-398
-409
-415
-431
-502
-569
-574
-561
-564
-515
-458
-447
-449
-477
-537
-568
-574
-597
-555
-506
-518
-515
-533
-548
-519
-520
-524
-484
-474
-497
-528
-518
-458
-453
-466
-439
-381
-340
-354
-381
-432
-474
-470
-475
-489
-493
-511
-515
-480
-473
-511
-494
-437
-432
-451
-477
-507
-491
-429
-380
-312
-232
-203
-243
-321
-351
-376
-419
-442
-459
-445
-418
-436
-436
-416
-405
-350
-308
-276
-212
-177
-132
-86
-111
-154
-207
-228
-260
-344
-381
-350
-300
-282
-293
-340
-362
-336
-324
-326
-304
-296
-318
-329
-324
-284
-235
-211
-191
-187
-183
-172
-207
-225
-209
-236
-263
-263
-267
-248
-204
-188
-189
-196
-199
-191
-199
-216
-233
-217
-199
-201
-191
-210
-240
-230
-228
-228
-198
-196
-218
-250
-286
-302
-264
-187
-167
-177
-167
-112
-44
-26
-34
-38
-54
-62
-68
-62
-40
-75
-115
-130
-116
-95
-136
-147
-110
-107
-118
-148
-166
-124
-73
-24
12
33
55
81
71
27
35
74
79
50
16
-11
-9
20
39
81
158
212
221
209
171
108
69
51
20
24
74
89
82
115
180
236
289
309
284
258
236
225
229
238
273
330
334
308
294
273
266
274
284
296
325
310
255
231
228
268
315
328
336
346
360
336
301
264
257
308
319
347
382
384
377
351
355
336
322
331
309
308
346
376
409
476
489
496
532
498
435
388
345
305
313
337
353
397
397
384
381
359
385
420
450
485
515
539
564
600
569
525
500
457
433
411
377
354
375
418
461
530
590
617
647
652
633
606
554
526
550
571
590
619
635
638
641
646
648
680
704
692
706
706
663
649
636
619
664
721
729
682
682
726
728
720
691
663
674
727
757
741
699
671
700
692
661
646
633
649
661
638
604
631
694
747
787
802
811
815
769
715
700
653
630
677
704
717
719
717
712
697
693
640
596
574
538
533
510
484
493
508
533
584
606
584
596
600
580
566
554
569
569
536
481
449
456
445
429
424
438
459
475
466
461
507
527
501
497
510
492
463
411
358
398
429
406
436
461
445
433
461
485
457
441
404
410
451
425
373
311
261
245
273
297
338
380
398
429
433
409
404
441
454
429
393
339
274
219
189
209
277
316
317
294
272
254
249
262
278
312
325
305
297
304
288
282
291
268
266
279
299
328
341
366
357
342
367
379
366
365
349
287
239
183
161
191
231
267
263
323
373
367
368
326
264
200
186
198
164
118
128
220
341
368
328
327
315
289
251
239
238
174
115
64
62
73
12
6
85
140
164
134
65
49
29
-1
-7
0
3
11
51
63
21
-54
-61
-18
1
-26
-100
-196
-268
-363
-495
-1008
-1936
-2446
-3327
-4313
-2909
850
5651
10727
10119
660
-6217
-5888
-3489
873
1597
-998
4631
11552
1793
-13744
-12282
-1785
1786
1348
84
-1740
-749
-2672
-9687
-7848
1688
5733
7644
8856
5784
3422
1775
-2610
-4462
-1185
926
-974
-3658
-3899
-6078
-7581
-1206
2845
3120
3757
-1208
-3073
1201
-861
-1641
2198
2576
2514
-39
-2871
-3482
-597
4586
17
-7011
-5387
-2888
-1349
-875
-5110
-4779
1875
4672
3022
1881
3013
3655
3736
3836
2707
-1739
-7145
-6060
-4278
-6315
-5486
-1761
1647
3211
498
-4584
-5133
-278
2603
1258
801
2468
4464
2272
-3036
-3610
-464
3482
4392
-263
-4201
-4786
-3892
-4296
-6779
-5191
1795
6581
5049
45
-2538
-592
903
1244
724
-1161
-123
39
-3589
-4842
-3207
-1633
281
1514
1364
-491
-2228
-618
-48
1241
3128
213
-1317
-66
-583
-4481
-5319
-1321
641
2259
1621
-1949
-4285
-4167
-2371
-96
1476
769
1132
779
-1148
-536
1253
1461
23
-607
-946
-2297
-3284
-2608
-1164
-1136
-1644
49
2810
2508
-906
-2219
-1250
-1196
-629
-530
-566
-389
-1708
-1172
331
-552
-1115
467
357
-2036
-3081
-2656
-905
665
811
512
43
739
-57
-974
1173
369
-2492
-1881
-454
-258
312
-515
-819
1175
222
-1737
-1435
-1194
-1722
-2976
-3291
-585
2494
2131
-10
-577
-699
-1052
71
813
132
308
992
635
-479
-1435
-1193
-179
-343
-1601
-1590
-569
-443
-189
-201
-1213
-1020
395
-117
-1554
-477
114
-110
1024
2084
2752
1547
-1301
-3991
-4959
-2927
-667
33
1777
3304
346
-1773
277
35
-1119
-1330
-2241
-411
1639
1180
328
-630
-1152
-1719
-1164
904
1419
-287
-979
-144
-686
-1174
-628
277
789
395
288
-758
-1216
-300
-886
-1427
-1469
-1094
805
1387
986
633
-861
-1260
-972
-438
1231
1464
-11
-1097
-1588
-1498
-445
301
-421
-677
1291
2134
453
-1226
-1788
-926
76
257
41
165
36
-861
-870
-115
-218
-918
-715
103
722
1245
119
-1230
-721
-218
709
1564
264
-2215
-2759
-138
1925
872
-264
583
682
-926
-2179
-1234
-36
-426
-724
-428
1185
1992
747
286
545
-611
-1629
-725
-109
-326
-1045
-777
142
730
1675
806
-712
-877
-326
-697
-1415
-1446
-2066
-431
2062
1403
743
1381
1203
-112
-1028
-700
154
935
-213
-3124
-2644
978
789
-1526
-605
1449
2366
2280
1258
-147
-1515
-2591
-2643
-1722
-1197
-1092
658
3114
2990
1175
95
-1215
-2087
-669
-79
-1410
-1244
473
945
116
139
461
-209
818
1944
-1380
-3651
-2397
-1980
-528
448
-1763
-242
6532
9005
3346
-2529
-2925
-1911
-3154
-4791
-3380
-1351
-541
2063
2876
1151
879
798
661
532
-1873
-4378
-4028
-653
1991
173
-1136
752
3449
3771
2006
388
-504
-535
-2660
-3230
-1175
-2788
-7425
-6694
760
3491
954
1631
4212
4275
3166
2050
-643
-1684
-1699
-3930
-2930
179
-971
-2192
324
2745
2914
349
-2707
-2224
-1575
-1060
-242
-3321
-2976
1262
358
295
1923
1092
2530
1777
-2503
-3585
-4519
-5565
-4214
-2722
251
3997
5993
5884
4776
5598
5964
3400
1009
345
-850
-3255
-4152
-3455
-4586
-8151
-9895
-9161
-7295
-4080
-3281
-5591
-7244
-4939
916
4776
5672
6690
9055
12974
14473
11218
7805
5003
-1157
-9843
-15537
-15881
-12471
-7933
-5466
-4022
-981
1829
1089
-922
3013
11820
15628
12947
11848
13052
10289
607
-12378
-18639
-15970
-12508
-10852
-7771
-3383
1281
6757
8601
5391
4821
5477
-551
-8937
-11978
-9714
-6166
-1849
2822
4251
3743
3586
4555
7140
7747
2090
-5250
-8019
-9078
-9992
-10949
-11828
-6920
3035
11048
14560
11724
7187
7767
9241
7901
5094
779
-3773
-5637
-7557
-10659
-9823
-6615
-4535
-1580
718
-2014
-6655
-8071
-6278
-2540
2131
5838
7237
8513
8800
5603
3525
2910
26
-2832
-5125
-7645
-7247
-4274
-3266
-3074
-772
2315
5983
7861
6323
6049
6463
3658
-563
-4757
-8057
-7814
-6110
-6324
-6564
-4387
-37
3574
4532
2830
496
-798
-3547
-5976
-4221
115
3387
5129
6685
7929
7819
3874
-886
-1971
-2309
-2990
-2583
-1948
-311
1305
246
-1393
-2377
-3617
-4344
-4075
-2682
-732
-130
644
3542
4831
4423
4112
3785
4776
3573
-656
-1913
-1179
-3755
-7911
-10277
-9300
-5102
-746
2289
4154
4789
4536
5008
5961
5599
4323
2424
281
275
1149
-623
-2105
-2350
-4544
-5991
-5464
-6383
-6373
-3074
69
2082
3961
5716
6337
4950
2379
467
1158
3317
3425
2133
2212
1717
-207
-2408
-4349
-4751
-5370
-5286
-2527
-484
-368
-239
1990
5791
7484
6292
4985
4893
3499
469
-1005
-841
-1242
-3085
-4329
-3505
-2132
-1134
-93
850
3
-1390
-746
645
981
501
1469
3885
5484
5775
4785
3122
1726
174
-2196
-3530
-3718
-5374
-6358
-5077
-3789
-2009
-428
-408
850
3537
4410
4363
5328
5172
3655
3302
3272
1546
-422
-1018
-1461
-2637
-4078
-5361
-4926
-2403
-694
19
1073
2528
3555
2798
2778
4185
4619
3727
2059
414
-730
-446
4
-926
-1464
-1094
-430
305
-799
-2871
-1987
605
1826
2489
2854
2344
2290
2100
567
-25
333
40
94
-379
-1736
-2503
-3143
-3386
-2285
-853
-534
-498
202
784
1235
2241
3739
4274
3030
1793
1633
875
-284
-12
82
-776
-1475
-1836
-1225
-1001
-1318
-297
221
510
2493
3489
3470
3308
1617
539
656
-408
-2428
-4083
-5114
-4589
-2679
-1314
-1705
-3509
-2937
-245
753
702
695
1464
2861
3647
3498
3044
2881
3488
4632
4184
2612
1027
-553
-1383
-2335
-3571
-4130
-4527
-5537
-6122
-4749
-2042
134
1825
3844
5663
5693
3081
-325
-1996
-515
2500
3641
2125
-614
-2956
-3052
-924
487
-146
-1226
-2190
-3760
-4059
-2445
-809
1265
3715
4701
3517
989
-1798
-3401
-3057
-1830
-1145
-1250
-606
1178
2099
2139
2575
2870
2859
2014
-978
-4801
-6329
-5642
-4838
-2589
1906
5474
6187
5026
3262
2122
1967
1581
487
-76
26
-1109
-3023
-3672
-3199
-2557
-2165
-1710
-832
320
1469
2818
3643
2385
479
491
1373
1157
-289
-2384
-3435
-2906
-2200
-2019
-1968
-1549
-1165
-976
384
2685
3415
2886
2740
2780
2233
1062
-207
-2077
-4274
-5460
-5039
-3608
-1691
146
1004
1618
2027
2196
3401
4423
3245
1822
1600
320
-1160
-1376
-2319
-3339
-2868
-2252
-2270
-2121
-1498
-1482
-2360
-2580
-1788
-721
1177
3380
4106
3618
2718
2177
2069
1069
-322
-867
-757
-1157
-2435
-2875
-1864
-1533
-2835
-3548
-2640
-1355
-753
-1650
-2949
-2291
87
2340
4100
5222
5028
3803
2791
1832
-342
-2691
-3972
-4294
-3818
-3519
-3406
-2491
-1128
-148
712
1602
2140
3269
4009
2648
1019
235
111
123
-464
-1338
-2011
-2340
-3063
-3715
-3787
-3372
-2013
-690
91
717
1464
2546
3418
2972
1793
1525
1461
785
-399
-1457
-1484
-1198
-1453
-1659
-1492
-1472
-1315
-946
-1082
-1134
-156
565
575
849
860
705
275
-777
-1271
-834
-680
-1348
-1650
-970
50
217
-280
-201
8
198
105
-464
-677
-460
135
751
1315
1532
866
407
526
161
-349
-154
-611
-1934
-2329
-2113
-1769
-1223
-1068
-518
490
395
-445
-731
-228
483
373
-121
377
1235
1210
831
660
538
286
-70
-19
-138
-1177
-2150
-2312
-1793
-804
62
479
543
647
1151
1567
1472
1100
852
390
-595
-1673
-2473
-2757
-2300
-1099
-669
-1095
-647
-31
117
661
1276
1440
1866
2386
2061
1058
-35
-875
-1362
-1214
-585
-196
-166
-177
-363
-483
113
809
833
343
123
339
118
-546
-1343
-2086
-2062
-1207
-366
-51
146
528
809
951
603
-288
-537
116
583
616
624
625
822
1152
1019
334
-299
-224
418
955
896
-89
-1103
-1007
-450
152
693
564
218
322
588
500
249
125
-101
-238
-24
-145
-449
514
1724
1234
276
262
824
1443
1431
525
-463
-736
-488
-501
-847
-1039
-936
-198
853
1195
1225
1699
2110
1576
546
67
213
537
388
35
76
-28
-338
-646
-778
-138
787
1222
1208
972
826
644
51
-491
-493
-128
330
253
-146
-42
-68
-579
-665
-163
308
514
393
286
579
824
930
1347
1858
1801
1346
1016
622
220
17
-149
-176
22
128
127
311
590
399
-197
-152
382
382
-153
-485
-54
559
504
4
-232
71
637
695
235
358
835
643
-35
-132
495
865
838
724
357
-247
-562
-594
-561
-291
-211
-311
105
750
708
424
910
1357
1061
594
145
-270
-779
-1157
-1074
-920
-861
-651
-61
612
688
41
-202
338
588
617
690
614
588
620
623
429
-102
-430
-260
-261
-367
-139
-65
-295
-185
533
1009
823
364
-365
-774
-513
-334
-509
-859
-1081
-971
-820
-801
-814
-550
-108
30
-24
-101
-213
-372
-740
-915
-339
264
270
25
-543
-1144
-1181
-1050
-1003
-611
47
540
500
-194
-827
-934
-760
-501
-348
-391
-595
-776
-780
-823
-1007
-964
-349
332
360
-160
-649
-699
-618
-617
-758
-892
-757
-640
-539
-619
-910
-1055
-755
-203
-45
-400
-779
-572
-230
-234
-510
-801
-567
-123
-206
-716
-1013
-1040
-1005
-1093
-1296
-1492
-1515
-885
-162
258
721
899
730
302
-297
-641
-996
-1580
-1849
-1628
-1064
-380
9
44
-23
-46
-159
-565
-972
-1107
-1112
-961
-853
-995
-878
-629
-812
-1100
-1345
-1277
-575
-244
-636
-527
149
298
-49
-411
-776
-874
-545
-344
-537
-693
-781
-861
-726
-529
-459
-621
-978
-1302
-1310
-912
-784
-973
-620
0
31
-378
-603
-744
-942
-916
-755
-626
-462
-189
-132
-480
-748
-738
-775
-1089
-1556
-1660
-1132
-603
-355
-281
-308
-175
-194
-375
-748
-1235
-1090
-678
-607
-641
-718
-906
-857
-700
-750
-725
-643
-704
-886
-875
-450
-200
-679
-1183
-1125
-820
-553
-557
-710
-584
-2
261
-424
-1123
-1020
-615
-384
-375
-596
-660
-647
-1023
-1424
-1168
-622
-393
-117
117
-57
-259
-313
-478
-604
-566
-374
112
286
-38
-432
-825
-847
-515
-536
-934
-1015
-891
-832
-669
-631
-555
-198
-82
-187
-78
-40
-21
200
81
-346
-515
-650
-922
-1048
-1025
-841
-805
-1035
-1031
-757
-518
-435
-323
24
455
633
439
109
-340
-934
-1123
-804
-622
-561
-359
-216
51
214
-257
-654
-456
-228
-350
-528
-485
-192
62
-73
-220
80
542
520
256
107
-130
-203
-222
-295
-164
-163
-318
-252
-136
-146
-62
96
99
-142
-449
-626
-770
-732
-407
-88
187
343
149
-121
-43
306
467
167
-191
-273
-253
-339
-479
-224
338
603
510
221
-109
-208
-10
319
538
450
197
-93
-527
-732
-410
-89
52
247
360
359
331
168
-122
-95
303
546
529
362
212
267
304
207
285
599
870
833
503
134
-95
-105
-63
3
240
476
456
312
407
676
822
824
803
762
598
482
397
54
-264
-285
-115
99
277
627
1087
1270
1066
690
427
389
477
464
222
-134
-185
32
82
151
348
529
741
903
871
700
498
408
526
576
479
414
391
319
195
211
353
421
570
854
848
588
482
466
347
283
387
439
335
312
480
628
733
687
294
84
285
320
168
174
340
531
769
992
883
582
572
740
648
505
519
350
218
335
372
370
406
424
306
-31
-263
-200
59
440
731
826
918
849
592
639
953
1028
783
488
148
-148
-158
-77
36
256
516
696
552
324
206
83
79
185
367
567
753
897
772
370
-11
-225
-283
-52
279
438
434
83
-338
-277
-49
195
529
622
592
530
360
274
271
263
327
381
227
-92
-323
-339
-163
112
355
486
326
-2
-161
-182
-256
-300
-132
73
252
531
677
595
455
280
225
209
-123
-507
-464
-189
-102
-141
-245
-433
-364
49
255
35
-97
57
205
272
287
121
-64
51
176
-29
-330
-486
-444
-188
83
145
57
-26
-20
-80
-305
-306
10
287
396
326
100
-115
-261
-330
-164
8
-94
-333
-347
-73
-132
-559
-747
-538
-148
181
272
129
-34
-181
-234
-75
-39
-187
-83
115
77
-7
-24
-24
-107
-286
-395
-426
-369
-240
-184
-194
-216
-198
-54
127
103
-67
-126
-6
153
48
-154
-114
-104
-347
-632
-723
-567
-274
3
84
-76
-200
-136
-146
-306
-331
-221
-105
-42
-85
24
91
-248
-525
-506
-539
-609
-519
-345
-51
252
266
192
153
17
-151
-326
-366
-214
-169
-340
-520
-577
-608
-665
-637
-451
-263
-306
-468
-487
-291
-134
-239
-390
-380
-224
-118
-207
-324
-350
-346
-298
-279
-552
-931
-844
-414
-163
-150
-244
-342
-330
-263
-344
-515
-511
-313
-159
-208
-411
-641
-712
-625
-608
-723
-846
-832
-601
-199
32
-88
-263
-255
-133
-221
-515
-609
-515
-448
-500
-741
-863
-731
-653
-668
-789
-915
-738
-543
-678
-736
-437
-83
-18
-338
-732
-774
-624
-643
-685
-607
-501
-510
-635
-593
-385
-282
-310
-461
-698
-751
-509
-271
-379
-699
-797
-631
-544
-652
-700
-427
-89
-136
-350
-457
-548
-590
-553
-633
-798
-619
-293
-299
-454
-534
-511
-429
-507
-650
-591
-486
-490
-555
-602
-556
-461
-500
-713
-792
-689
-635
-540
-279
-88
-201
-555
-756
-513
-308
-393
-508
-708
-859
-805
-735
-797
-661
-194
-1
-156
-286
-402
-466
-465
-631
-762
-555
-303
-272
-502
-822
-888
-636
-465
-571
-671
-725
-602
-314
-216
-303
-360
-225
-21
40
-187
-519
-575
-478
-501
-656
-800
-803
-729
-691
-609
-419
-237
-160
-50
32
-157
-534
-775
-697
-665
-920
-1153
-1072
-821
-671
-633
-636
-638
-663
-640
-605
-618
-506
-268
-107
-242
-524
-509
-360
-454
-609
-681
-780
-821
-778
-753
-695
-644
-708
-725
-495
-421
-691
-914
-1085
-1083
-830
-637
-490
-284
-219
-321
-384
-466
-657
-915
-1105
-1032
-726
-469
-419
-481
-527
-519
-481
-493
-579
-653
-744
-822
-705
-419
-283
-448
-581
-471
-343
-357
-521
-747
-848
-796
-759
-817
-790
-618
-437
-290
-297
-520
-648
-567
-574
-675
-597
-359
-199
-282
-575
-838
-854
-691
-554
-479
-399
-350
-469
-599
-532
-432
-394
-377
-333
-229
-164
-322
-650
-837
-869
-943
-1003
-887
-743
-696
-624
-516
-466
-456
-313
-122
-57
-151
-366
-521
-467
-315
-332
-407
-368
-389
-531
-621
-535
-422
-452
-509
-441
-271
-174
-218
-218
-203
-172
-59
-44
-92
-174
-405
-695
-875
-874
-688
-430
-290
-227
-183
-280
-375
-267
-152
-113
-17
73
-4
-156
-214
-247
-332
-474
-508
-364
-205
-185
-263
-207
-86
-39
-85
-150
-58
124
132
31
185
443
458
285
155
235
294
93
-106
-74
15
-100
-374
-520
-435
-243
-23
116
142
316
608
638
479
518
684
718
647
578
455
262
166
131
97
150
274
393
515
642
698
679
553
463
556
648
553
357
298
370
417
387
342
374
452
500
515
445
349
390
482
511
567
736
832
788
869
1057
1166
1133
934
658
495
502
518
586
699
703
709
751
819
840
738
700
766
843
964
1118
1218
1294
1268
1167
1117
1022
944
847
672
611
641
656
662
651
715
1012
1313
1318
1187
1104
1027
1000
1027
1036
1064
1081
1040
1053
1110
1121
1239
1369
1222
991
921
923
876
832
823
828
950
1147
1303
1379
1303
1229
1344
1440
1363
1235
1065
904
831
781
730
766
960
1149
1196
1165
1084
1046
1100
1207
1284
1184
1079
1124
1186
1162
989
829
833
914
925
858
842
885
948
1037
1152
1227
1311
1279
1068
1031
1083
1023
987
1024
1033
918
807
760
662
588
627
649
658
794
950
1035
1150
1332
1475
1452
1285
1103
905
658
453
392
514
695
767
712
626
636
740
778
672
600
697
863
921
798
765
959
1062
928
790
811
834
701
522
480
548
611
620
573
589
667
710
682
690
707
605
607
709
711
671
640
579
543
490
369
278
266
279
230
270
401
465
528
596
638
681
744
769
683
512
402
393
394
405
454
447
304
128
80
253
446
428
264
287
462
336
121
193
436
659
703
559
416
394
388
244
12
-47
47
95
72
7
40
135
179
186
192
156
14
-66
-23
15
44
119
123
4
-20
63
63
-24
-143
-282
-446
-618
-735
-697
-501
-368
-340
-233
5
187
121
54
70
-44
-238
-414
-517
-558
-612
-729
-809
-787
-725
-627
-624
-649
-588
-469
-263
-178
-259
-390
-579
-709
-696
-588
-564
-570
-525
-564
-605
-638
-744
-852
-913
-972
-1070
-1146
-1093
-936
-783
-652
-556
-518
-462
-437
-589
-770
-782
-709
-776
-975
-1088
-1050
-1001
-1102
-1226
-1203
-1170
-1199
-1273
-1369
-1360
-1352
-1369
-1263
-1164
-1093
-933
-729
-595
-611
-788
-1022
-1216
-1412
-1606
-1660
-1545
-1416
-1339
-1251
-1176
-1137
-1117
-1147
-1229
-1191
-1018
-972
-1070
-1260
-1488
-1540
-1366
-1206
-1237
-1332
-1367
-1398
-1520
-1635
-1657
-1607
-1462
-1348
-1268
-1171
-1095
-1021
-1022
-1034
-967
-958
-1073
-1236
-1352
-1371
-1384
-1495
-1539
-1454
-1429
-1487
-1440
-1266
-1214
-1316
-1386
-1323
-1213
-1201
-1248
-1242
-1228
-1257
-1296
-1348
-1359
-1391
-1478
-1519
-1538
-1533
-1553
-1585
-1562
-1462
-1267
-1093
-999
-945
-944
-1002
-1054
-1040
-941
-896
-1028
-1262
-1427
-1488
-1515
-1429
-1308
-1262
-1245
-1217
-1152
-1060
-1036
-1222
-1365
-1237
-1094
-1086
-1077
-956
-843
-887
-1044
-1159
-1201
-1103
-915
-953
-1073
-1115
-1103
-1030
-1098
-1209
-1170
-1082
-1065
-1031
-923
-877
-871
-778
-639
-603
-649
-720
-773
-738
-737
-803
-805
-717
-671
-771
-900
-947
-948
-910
-893
-952
-1001
-954
-757
-532
-456
-472
-453
-414
-489
-571
-524
-426
-320
-339
-484
-509
-462
-548
-642
-651
-604
-516
-562
-689
-654
-567
-543
-500
-462
-456
-443
-377
-342
-382
-361
-300
-313
-383
-418
-432
-452
-445
-462
-486
-465
-456
-477
-520
-548
-509
-484
-478
-381
-320
-400
-455
-472
-524
-548
-485
-442
-459
-424
-380
-341
-289
-263
-277
-327
-358
-372
-376
-396
-473
-553
-580
-526
-435
-362
-303
-277
-300
-342
-364
-396
-380
-294
-238
-207
-173
-180
-239
-279
-321
-298
-189
-211
-413
-530
-470
-458
-485
-504
-554
-513
-378
-262
-192
-190
-238
-254
-276
-332
-366
-346
-281
-162
-111
-178
-241
-343
-424
-377
-313
-293
-244
-221
-255
-251
-259
-237
-197
-221
-174
-134
-207
-243
-227
-271
-289
-218
-182
-176
-147
-179
-267
-276
-297
-372
-368
-353
-389
-425
-434
-455
-445
-358
-269
-262
-313
-318
-184
5
93
44
-90
-133
-148
-162
-161
-258
-396
-468
-424
-387
-392
-340
-242
-253
-304
-251
-213
-180
-122
-33
67
24
-114
-215
-305
-324
-242
-210
-237
-187
-97
-97
-190
-223
-116
-105
-177
-156
-151
-170
-169
-118
-26
-48
-126
-158
-147
-102
-80
6
157
280
360
355
264
138
8
-116
-211
-263
-170
70
225
208
156
127
133
216
246
142
75
92
128
149
73
-33
-65
-34
24
39
56
105
135
120
7
-25
65
47
-24
10
77
63
-26
-63
1
73
160
235
312
388
383
338
267
193
125
103
107
55
11
52
66
-32
-79
-17
9
-33
-56
-15
32
55
96
175
290
308
282
336
388
397
326
232
175
136
89
28
-63
-130
-53
43
78
122
241
356
358
363
359
355
389
328
179
93
79
58
48
53
69
120
119
32
35
92
113
169
200
241
391
512
422
201
15
-23
29
22
-19
-54
13
147
163
81
48
115
203
199
119
133
254
374
392
298
183
124
128
115
85
19
-19
34
61
101
186
248
271
309
347
373
404
347
253
179
121
76
126
218
213
218
219
160
137
206
245
235
215
207
217
206
255
346
407
385
377
374
341
359
357
363
402
379
311
330
395
365
248
212
297
355
338
293
298
393
438
357
278
253
320
419
415
339
316
388
463
464
398
320
314
421
424
334
293
266
302
348
358
373
471
559
554
521
536
571
551
532
455
332
269
250
267
338
352
363
507
630
687
656
601
620
611
498
421
482
504
471
434
426
446
451
434
442
511
535
560
555
471
416
471
526
439
367
390
441
464
502
537
480
436
406
322
245
285
409
477
480
461
478
543
592
630
682
717
716
664
565
481
450
424
358
349
364
326
317
352
375
316
303
440
580
565
456
460
568
662
666
650
711
753
713
581
389
319
399
445
406
380
448
513
521
485
493
611
640
526
355
266
270
250
167
72
125
229
306
407
456
499
564
510
386
383
414
405
445
456
452
460
347
189
128
131
155
154
163
234
227
183
213
257
290
282
243
169
84
72
94
145
180
118
145
229
247
227
125
67
123
148
88
112
245
347
357
276
194
185
168
107
133
141
54
-10
-12
31
27
14
12
-16
-32
-91
-176
-166
-152
-172
-108
-53
-61
-63
-73
-76
-44
-78
-137
-112
-49
-34
-110
-135
-80
-63
-94
-101
-83
-105
-131
-172
-244
-316
-338
-255
-190
-254
-344
-354
-311
-270
-224
-183
-153
-162
-193
-210
-158
-88
-142
-223
-246
-259
-259
-233
-277
-327
-320
-338
-333
-362
-453
-439
-305
-162
-59
-54
-105
-146
-156
-196
-287
-326
-375
-399
-452
-559
-505
-381
-354
-370
-404
-442
-418
-354
-320
-236
-138
-135
-176
-146
-51
-34
-107
-242
-322
-349
-389
-404
-466
-533
-517
-465
-401
-270
-160
-108
-78
-113
-160
-178
-194
-291
-389
-381
-291
-137
-117
-275
-364
-346
-319
-332
-434
-519
-488
-398
-294
-267
-319
-371
-387
-348
-272
-254
-307
-301
-297
-349
-436
-519
-541
-520
-568
-643
-577
-444
-340
-336
-398
-388
-295
-247
-280
-233
-137
-169
-300
-419
-503
-482
-399
-399
-403
-385
-405
-385
-391
-431
-400
-314
-205
-131
-146
-197
-180
-124
-99
-194
-365
-480
-536
-536
-482
-439
-458
-480
-406
-219
-28
51
42
94
181
175
51
-145
-298
-352
-346
-348
-368
-368
-339
-335
-345
-330
-257
-156
-64
-45
-100
-114
-165
-210
-173
-204
-283
-260
-242
-289
-261
-185
-72
42
41
-39
-65
-38
-34
-33
-46
-105
-148
-104
-20
-16
-45
-9
4
17
6
-100
-179
-194
-205
-191
-191
-195
-126
-113
-121
-36
71
93
-12
-96
-44
12
-35
-71
-50
-28
-23
-14
-4
-15
9
64
54
-5
-7
21
78
138
135
96
93
88
30
-43
-146
-151
-67
-21
-20
-30
-18
-13
-9
28
139
223
236
199
99
39
64
127
125
76
62
79
134
125
38
49
114
166
224
217
122
59
51
-20
-28
70
104
116
143
139
149
205
215
128
131
168
145
151
151
135
90
89
95
50
38
20
4
11
42
28
18
66
80
118
201
247
252
178
54
-9
-60
-94
-121
-157
-110
15
110
131
171
271
365
345
302
259
197
176
83
-10
-11
29
10
-50
-97
-139
-106
-23
16
13
108
205
242
272
257
276
340
368
295
206
150
39
-97
-123
-154
-267
-272
-163
-45
52
127
138
210
283
265
289
237
104
40
12
-92
-133
-99
-156
-174
-151
-120
-44
-13
3
79
123
176
161
32
45
63
7
-81
-199
-206
-145
-90
-72
-93
-97
-77
-78
-96
-115
-126
-94
-2
49
24
15
-9
-33
-33
-24
-9
-27
-78
-175
-330
-418
-365
-313
-269
-241
-236
-161
-109
-139
-162
-154
-140
-86
-53
-73
-124
-202
-250
-245
-189
-214
-314
-395
-474
-496
-495
-527
-461
-360
-358
-320
-278
-233
-179
-171
-138
-95
-115
-273
-441
-558
-640
-661
-626
-565
-534
-455
-394
-370
-349
-354
-352
-384
-410
-463
-528
-569
-604
-638
-722
-748
-721
-670
-555
-410
-312
-303
-299
-280
-244
-252
-313
-422
-566
-663
-768
-867
-911
-920
-950
-952
-933
-854
-737
-678
-561
-495
-477
-429
-431
-488
-591
-736
-915
-1021
-1039
-1036
-1054
-1048
-985
-878
-743
-681
-677
-665
-644
-682
-707
-665
-699
-754
-804
-820
-813
-882
-961
-1021
-1032
-1013
-965
-964
-1013
-1008
-1018
-998
-962
-944
-911
-826
-734
-711
-719
-748
-752
-773
-823
-872
-887
-925
-1051
-1080
-1081
-1118
-1089
-1035
-986
-968
-974
-934
-819
-739
-769
-846
-856
-836
-898
-994
-1078
-1085
-991
-869
-807
-809
-835
-882
-869
-820
-791
-768
-769
-757
-763
-773
-776
-793
-764
-781
-795
-779
-868
-1008
-1032
-988
-994
-960
-946
-933
-896
-852
-858
-869
-760
-699
-613
-582
-636
-668
-749
-817
-854
-786
-804
-925
-930
-892
-849
-832
-802
-755
-748
-756
-806
-813
-790
-780
-719
-705
-742
-739
-756
-861
-933
-942
-949
-890
-841
-830
-799
-752
-710
-714
-753
-734
-681
-702
-741
-793
-886
-957
-1011
-1017
-935
-820
-749
-709
-674
-680
-696
-658
-581
-572
-636
-733
-844
-863
-824
-788
-724
-661
-678
-752
-745
-721
-707
-655
-651
-648
-640
-663
-682
-656
-633
-682
-675
-652
-719
-756
-751
-729
-716
-681
-608
-526
-441
-448
-418
-347
-354
-343
-372
-429
-487
-547
-580
-596
-526
-461
-451
-421
-383
-405
-504
-593
-630
-591
-533
-485
-400
-323
-244
-156
-103
-117
-155
-156
-213
-259
-251
-278
-270
-250
-241
-238
-204
-173
-213
-164
-54
-1
27
73
111
89
44
-24
-57
-37
-39
-17
-36
-49
2
22
58
68
33
62
141
137
38
-13
-6
-24
-32
-22
26
150
225
232
235
249
262
286
296
303
359
339
268
232
187
123
125
218
297
334
319
283
290
323
346
362
361
378
438
428
381
348
322
311
323
367
355
367
417
401
382
394
396
452
595
633
596
602
604
593
549
487
389
278
190
173
266
347
378
430
505
564
622
681
684
685
696
640
602
584
506
485
538
533
468
446
463
490
486
393
401
542
622
624
591
636
740
745
660
624
649
648
639
606
556
573
621
626
587
550
567
570
608
706
733
759
798
784
768
783
759
726
694
640
667
634
506
469
475
530
690
777
745
759
797
762
728
725
694
690
708
707
706
699
715
721
703
722
709
636
561
527
517
464
413
385
448
605
694
719
729
756
799
831
807
735
679
608
528
426
377
452
513
525
545
544
551
560
532
593
647
541
476
476
438
447
463
427
399
440
484
484
483
459
472
474
427
389
337
289
268
274
237
225
259
220
240
350
416
459
533
584
532
487
449
334
236
207
224
220
172
132
120
137
148
104
84
153
244
338
388
399
407
296
166
112
43
17
4
-16
-22
-47
-19
28
31
34
50
92
131
151
177
182
183
191
139
9
-106
-136
-142
-105
-62
-67
-48
-56
-124
-197
-222
-245
-256
-174
-110
-109
-102
-81
-85
-87
-75
-106
-182
-222
-253
-339
-374
-359
-330
-283
-278
-281
-244
-226
-251
-242
-158
-60
-25
-37
-72
-139
-213
-265
-320
-409
-476
-498
-495
-448
-387
-335
-274
-249
-240
-214
-190
-128
-102
-129
-180
-239
-262
-343
-447
-422
-321
-276
-267
-269
-268
-238
-190
-168
-239
-302
-246
-175
-242
-340
-355
-364
-378
-372
-346
-285
-200
-189
-214
-223
-286
-319
-301
-246
-171
-148
-173
-263
-349
-386
-373
-258
-139
-153
-194
-107
-102
-304
-508
-508
-315
-220
-265
-293
-323
-320
-279
-366
-507
-413
-213
-220
-261
-341
-408
-305
-422
-543
-349
-218
-199
-184
-297
-359
-318
-347
-332
-337
-364
-301
-254
-291
-306
-278
-300
-247
-160
-209
-380
-491
-387
-223
-207
-318
-334
-343
-427
-486
-560
-505
-368
-306
-316
-339
-236
-132
-159
-272
-380
-427
-410
-397
-467
-525
-540
-565
-624
-602
-562
-591
-523
-463
-441
-387
-334
-323
-316
-284
-350
-455
-548
-585
-593
-555
-533
-598
-540
-481
-523
-604
-620
-538
-455
-359
-404
-469
-381
-339
-404
-498
-585
-608
-568
-618
-688
-659
-626
-594
-630
-670
-560
-451
-438
-479
-518
-524
-491
-396
-348
-329
-301
-399
-519
-538
-520
-562
-552
-501
-592
-649
-680
-685
-645
-623
-560
-499
-410
-368
-384
-409
-509
-642
-650
-591
-623
-630
-639
-718
-708
-595
-542
-572
-538
-437
-349
-355
-469
-472
-466
-582
-615
-679
-776
-713
-654
-667
-673
-745
-752
-640
-556
-433
-280
-218
-185
-157
-224
-341
-448
-506
-554
-648
-779
-897
-905
-841
-768
-692
-578
-443
-335
-274
-153
60
79
-76
-221
-334
-438
-574
-646
-677
-727
-745
-732
-698
-682
-649
-532
-423
-397
-339
-277
-321
-333
-292
-296
-310
-330
-401
-419
-362
-381
-416
-361
-319
-377
-493
-651
-722
-652
-653
-669
-622
-551
-449
-435
-434
-358
-390
-450
-421
-477
-583
-585
-624
-675
-573
-473
-466
-495
-467
-375
-356
-365
-285
-203
-155
-149
-317
-488
-497
-533
-630
-714
-754
-717
-629
-543
-442
-333
-329
-308
-214
-156
-98
-41
-44
-159
-266
-356
-561
-704
-645
-563
-570
-603
-658
-626
-502
-440
-359
-183
-13
92
121
14
-94
-49
-50
-170
-218
-210
-261
-347
-446
-464
-358
-289
-316
-325
-276
-244
-252
-256
-234
-240
-260
-276
-315
-293
-249
-169
-92
-84
19
104
76
68
95
74
47
76
65
45
-3
-82
-103
-119
-169
-243
-238
-230
-340
-396
-335
-234
-106
22
109
159
236
294
255
159
85
86
102
72
-15
-110
-180
-211
-178
-115
-42
28
174
315
328
326
370
404
373
344
334
229
111
-17
-164
-273
-394
-396
-313
-199
35
266
333
296
326
395
459
460
392
388
431
413
320
149
-42
-126
-49
24
4
89
199
244
303
332
356
409
479
493
486
457
343
312
337
281
199
160
145
163
275
308
251
270
304
302
372
511
576
589
568
497
493
522
452
402
497
579
526
466
409
350
305
217
178
311
554
677
688
761
863
849
717
592
550
555
474
324
233
206
244
304
336
446
603
688
662
589
608
633
572
557
595
642
706
719
696
585
382
255
268
333
395
468
567
646
671
702
676
657
732
804
824
778
636
400
225
254
356
498
690
763
768
797
742
546
386
336
362
435
408
384
467
577
642
581
484
494
577
627
638
594
485
477
532
465
348
387
544
619
652
630
489
387
398
443
408
397
504
587
607
569
528
550
597
566
470
411
351
278
204
208
352
518
617
594
495
475
520
558
583
586
589
574
510
420
386
401
402
442
430
371
389
384
398
460
523
615
679
664
592
536
501
422
285
198
160
168
258
301
327
436
514
532
593
588
542
572
572
543
507
425
331
283
227
204
269
342
401
416
450
506
535
535
438
357
395
370
272
264
251
272
347
314
291
345
368
368
361
342
360
386
375
324
287
250
188
237
335
377
339
293
313
327
333
314
311
376
367
283
239
168
107
131
128
106
160
202
173
117
60
47
121
201
225
277
296
245
239
213
163
208
226
191
189
136
69
79
53
-19
-53
-65
-13
79
147
113
40
83
115
157
274
306
277
276
208
107
107
133
139
145
97
53
67
-2
-145
-206
-245
-220
-98
-37
-6
60
151
215
210
184
148
111
26
-116
-169
-150
-129
-23
59
33
33
65
65
31
11
13
37
67
74
75
14
-64
-54
-4
-1
-15
27
89
74
-61
-131
-83
-113
-173
-191
-190
-172
-117
-24
46
160
244
204
166
158
116
6
-133
-251
-305
-336
-389
-403
-356
-266
-178
-140
-147
-159
-149
-131
-108
-48
-5
21
12
-69
-166
-258
-325
-389
-458
-487
-470
-418
-381
-382
-397
-453
-481
-430
-359
-284
-250
-208
-144
-152
-208
-237
-283
-376
-498
-618
-667
-685
-722
-741
-717
-665
-614
-584
-543
-503
-425
-330
-305
-243
-181
-171
-226
-367
-500
-612
-741
-754
-686
-709
-720
-707
-684
-620
-588
-600
-597
-534
-480
-425
-398
-455
-502
-540
-619
-681
-681
-652
-597
-562
-618
-643
-560
-572
-650
-615
-539
-492
-511
-573
-578
-520
-473
-558
-641
-573
-578
-593
-604
-720
-668
-504
-480
-565
-604
-585
-554
-561
-597
-518
-419
-377
-371
-482
-644
-728
-766
-759
-627
-489
-414
-374
-427
-529
-585
-586
-542
-457
-386
-390
-447
-493
-544
-575
-552
-578
-615
-620
-640
-665
-712
-694
-623
-595
-524
-503
-528
-496
-529
-594
-624
-583
-509
-486
-530
-646
-679
-671
-768
-826
-776
-733
-666
-645
-708
-666
-586
-566
-573
-603
-648
-680
-757
-828
-788
-704
-617
-627
-720
-763
-749
-726
-712
-703
-716
-734
-754
-779
-794
-765
-751
-800
-848
-857
-818
-815
-863
-882
-910
-917
-850
-788
-727
-695
-705
-718
-735
-738
-757
-785
-766
-759
-835
-881
-880
-902
-900
-906
-915
-899
-879
-828
-764
-771
-811
-795
-775
-777
-735
-691
-696
-727
-816
-897
-876
-839
-895
-1013
-1007
-880
-828
-782
-690
-648
-623
-604
-547
-486
-511
-584
-689
-765
-785
-770
-751
-823
-853
-762
-693
-709
-745
-715
-643
-600
-655
-679
-603
-529
-471
-482
-542
-602
-607
-614
-710
-773
-772
-718
-673
-738
-776
-746
-706
-659
-623
-613
-570
-476
-443
-425
-460
-537
-596
-630
-590
-601
-670
-771
-826
-806
-827
-839
-745
-648
-647
-589
-506
-463
-426
-452
-469
-489
-564
-638
-684
-720
-776
-806
-801
-802
-794
-802
-831
-805
-758
-722
-631
-557
-545
-552
-552
-509
-508
-508
-470
-442
-401
-430
-571
-720
-800
-857
-906
-905
-849
-771
-743
-759
-744
-652
-541
-458
-405
-405
-414
-430
-459
-489
-542
-577
-561
-587
-680
-728
-743
-766
-788
-790
-753
-681
-602
-549
-498
-434
-424
-476
-490
-498
-471
-430
-431
-436
-480
-533
-650
-780
-776
-740
-744
-777
-810
-762
-701
-630
-463
-338
-318
-320
-348
-420
-463
-445
-432
-431
-414
-478
-636
-730
-750
-720
-676
-607
-445
-342
-365
-437
-477
-426
-311
-225
-203
-144
-89
-121
-221
-310
-354
-427
-447
-467
-512
-508
-535
-528
-489
-469
-402
-317
-253
-199
-201
-194
-171
-217
-257
-288
-315
-317
-397
-486
-471
-449
-434
-447
-476
-437
-422
-414
-355
-310
-204
-162
-255
-222
-167
-196
-218
-270
-318
-392
-486
-480
-491
-618
-706
-643
-538
-448
-330
-276
-169
-30
-28
-52
-94
-99
-93
-141
-215
-311
-371
-434
-469
-505
-576
-621
-598
-508
-473
-435
-349
-234
-101
-22
31
50
61
24
-69
-156
-210
-246
-304
-335
-340
-337
-382
-411
-314
-202
-135
-98
-69
-8
15
-28
-51
-8
46
53
36
9
-53
-129
-190
-251
-270
-233
-161
-87
-43
6
14
31
95
118
169
258
288
253
207
132
4
-19
1
-24
7
28
-3
-82
-166
-149
-13
142
274
446
571
541
439
344
249
174
156
200
249
235
171
134
129
101
47
9
72
180
266
325
316
338
365
342
350
323
320
379
387
395
388
336
292
241
177
131
121
156
238
306
370
450
513
576
620
628
588
531
478
397
346
305
259
236
220
231
256
238
251
363
477
542
549
563
615
629
663
710
759
783
725
649
608
569
467
400
419
481
530
499
437
412
438
478
549
649
743
849
874
823
808
782
